40.0
50.0
60.0
30.0
90.0
30.0
30.0
90.0
30.0
180.0
50.0
30.0
30.0
90.0
30.0
30.0
60.0
70.0
30.0
40.0
30.0
30.0
120.0
110.0
60.0
80.0
80.0
60.0
50.0
30.0
30.0
70.0
130.0
150.0
80.0
30.0
60.0
50.0
90.0
120.0
90.0
70.0
50.0
40.0
170.0
440.0
120.0
330.0
40.0
30.0
30.0
120.0
100.0
150.0
120.0
30.0
120.0
130.0
100.0
120.0
90.0
140.0
160.0
140.0
120.0
90.0
120.0
120.0
90.0
120.0
90.0
110.0
70.0
70.0
120.0
90.0
140.0
120.0
120.0
150.0
90.0
210.0
30.0
130.0
30.0
100.0
90.0
50.0
30.0
80.0
30.0
130.0
130.0
360.0
150.0
100.0
520.0
110.0
40.0
70.0
90.0
90.0
160.0
190.0
100.0
40.0
120.0
70.0
30.0
100.0
80.0
70.0
130.0
140.0
350.0
140.0
80.0
90.0
130.0
130.0
100.0
170.0
120.0
130.0
30.0
90.0
120.0
90.0
70.0
130.0
100.0
100.0
50.0
100.0
120.0
130.0
110.0
120.0
100.0
60.0
220.0
60.0
90.0
100.0
90.0
80.0
90.0
60.0
70.0
110.0
30.0
80.0
100.0
80.0
60.0
330.0
80.0
30.0
70.0
30.0
90.0
100.0
60.0
60.0
80.0
100.0
70.0
80.0
50.0
100.0
50.0
70.0
60.0
80.0
80.0
90.0
110.0
80.0
70.0
50.0
30.0
70.0
70.0
240.0
160.0
550.0
310.0
80.0
80.0
30.0
70.0
70.0
150.0
80.0
70.0
130.0
120.0
140.0
70.0
80.0
70.0
90.0
100.0
40.0
70.0
110.0
120.0
50.0
170.0
310.0
100.0
30.0
30.0
60.0
250.0
30.0
90.0
30.0
40.0
40.0
110.0
150.0
90.0
100.0
40.0
100.0
80.0
240.0
100.0
80.0
80.0
40.0
