40.0
50.0
30.0
50.0
70.0
60.0
70.0
80.0
70.0
30.0
70.0
50.0
30.0
30.0
30.0
80.0
250.0
30.0
30.0
30.0
110.0
30.0
60.0
50.0
80.0
100.0
50.0
100.0
50.0
40.0
30.0
30.0
100.0
30.0
110.0
30.0
60.0
90.0
30.0
60.0
70.0
110.0
40.0
30.0
30.0
30.0
30.0
70.0
60.0
30.0
30.0
60.0
50.0
90.0
80.0
30.0
50.0
30.0
30.0
30.0
60.0
60.0
50.0
80.0
30.0
30.0
30.0
60.0
50.0
30.0
60.0
90.0
30.0
70.0
60.0
50.0
60.0
40.0
30.0
70.0
30.0
30.0
60.0
30.0
30.0
30.0
60.0
50.0
40.0
30.0
60.0
30.0
60.0
30.0
60.0
60.0
60.0
30.0
30.0
30.0
40.0
30.0
40.0
30.0
90.0
30.0
50.0
30.0
60.0
60.0
70.0
30.0
60.0
80.0
30.0
60.0
30.0
30.0
30.0
50.0
60.0
30.0
30.0
80.0
80.0
30.0
30.0
70.0
100.0
30.0
30.0
30.0
30.0
30.0
30.0
30.0
60.0
60.0
40.0
30.0
50.0
30.0
90.0
40.0
60.0
40.0
30.0
100.0
30.0
30.0
40.0
40.0
100.0
30.0
30.0
30.0
70.0
30.0
30.0
40.0
40.0
40.0
50.0
30.0
40.0
30.0
30.0
70.0
30.0
30.0
30.0
50.0
60.0
30.0
30.0
50.0
100.0
90.0
80.0
40.0
30.0
30.0
30.0
60.0
40.0
60.0
30.0
40.0
30.0
40.0
30.0
70.0
40.0
30.0
30.0
30.0
40.0
40.0
190.0
30.0
30.0
30.0
30.0
50.0
40.0
50.0
30.0
30.0
50.0
130.0
40.0
80.0
50.0
30.0
40.0
150.0
130.0
130.0
60.0
70.0
30.0
40.0
50.0
30.0
120.0
60.0
120.0
70.0
120.0
140.0
30.0
30.0
130.0
30.0
50.0
90.0
60.0
30.0
130.0
30.0
90.0
100.0
60.0
70.0
90.0
100.0
80.0
120.0
80.0
30.0
30.0
30.0
100.0
80.0
70.0
30.0
50.0
30.0
30.0
70.0
90.0
30.0
190.0
110.0
50.0
60.0
30.0
90.0
80.0
70.0
30.0
80.0
30.0
80.0
40.0
30.0
70.0
40.0
70.0
60.0
60.0
90.0
50.0
30.0
60.0
30.0
130.0
50.0
40.0
50.0
70.0
30.0
70.0
30.0
30.0
80.0
50.0
90.0
30.0
60.0
30.0
70.0
190.0
280.0
70.0
50.0
30.0
80.0
100.0
100.0
110.0
70.0
100.0
30.0
30.0
60.0
50.0
70.0
100.0
380.0
50.0
50.0
90.0
60.0
90.0
60.0
40.0
30.0
100.0
90.0
70.0
80.0
40.0
30.0
40.0
30.0
60.0
80.0
50.0
60.0
80.0
30.0
60.0
60.0
60.0
50.0
50.0
80.0
30.0
60.0
40.0
80.0
50.0
60.0
50.0
70.0
30.0
30.0
50.0
60.0
60.0
60.0
60.0
60.0
50.0
30.0
30.0
30.0
30.0
60.0
30.0
30.0
60.0
30.0
80.0
30.0
40.0
70.0
90.0
70.0
50.0
60.0
30.0
30.0
30.0
30.0
30.0
30.0
60.0
30.0
30.0
50.0
40.0
60.0
80.0
60.0
30.0
30.0
50.0
30.0
80.0
60.0
50.0
40.0
40.0
30.0
70.0
30.0
40.0
30.0
70.0
60.0
30.0
60.0
50.0
60.0
60.0
50.0
90.0
40.0
50.0
70.0
30.0
70.0
70.0
40.0
30.0
40.0
120.0
80.0
30.0
30.0
80.0
30.0
70.0
60.0
30.0
50.0
140.0
40.0
60.0
40.0
30.0
50.0
30.0
30.0
30.0
70.0
70.0
50.0
30.0
40.0
100.0
30.0
40.0
60.0
40.0
30.0
30.0
40.0
30.0
90.0
50.0
90.0
30.0
40.0
30.0
80.0
60.0
40.0
70.0
60.0
90.0
180.0
100.0
80.0
70.0
70.0
30.0
90.0
40.0
90.0
90.0
100.0
50.0
70.0
50.0
70.0
30.0
70.0
40.0
40.0
80.0
30.0
70.0
50.0
40.0
60.0
90.0
250.0
80.0
120.0
60.0
60.0
90.0
80.0
50.0
70.0
100.0
50.0
30.0
80.0
80.0
80.0
60.0
40.0
70.0
50.0
70.0
30.0
80.0
170.0
50.0
60.0
50.0
60.0
70.0
90.0
100.0
70.0
60.0
90.0
30.0
80.0
80.0
50.0
50.0
40.0
90.0
70.0
90.0
60.0
50.0
110.0
60.0
60.0
30.0
50.0
50.0
80.0
110.0
70.0
100.0
30.0
100.0
60.0
30.0
30.0
90.0
220.0
50.0
80.0
50.0
30.0
30.0
40.0
30.0
80.0
100.0
90.0
30.0
40.0
60.0
50.0
40.0
50.0
50.0
70.0
70.0
90.0
90.0
50.0
50.0
50.0
50.0
50.0
40.0
50.0
30.0
30.0
50.0
50.0
80.0
30.0
30.0
100.0
60.0
60.0
30.0
30.0
60.0
60.0
30.0
80.0
50.0
40.0
40.0
80.0
30.0
60.0
60.0
50.0
50.0
30.0
40.0
30.0
50.0
70.0
30.0
70.0
40.0
70.0
30.0
110.0
70.0
50.0
70.0
50.0
140.0
160.0
50.0
70.0
80.0
60.0
30.0
80.0
40.0
30.0
70.0
90.0
60.0
50.0
50.0
130.0
50.0
60.0
50.0
100.0
50.0
70.0
60.0
120.0
40.0
30.0
40.0
50.0
60.0
30.0
40.0
70.0
40.0
30.0
40.0
30.0
70.0
50.0
30.0
50.0
50.0
30.0
50.0
70.0
30.0
60.0
40.0
50.0
50.0
30.0
80.0
40.0
70.0
60.0
50.0
70.0
50.0
40.0
50.0
60.0
30.0
60.0
40.0
70.0
90.0
50.0
80.0
40.0
40.0
30.0
50.0
50.0
70.0
50.0
50.0
60.0
40.0
50.0
30.0
40.0
70.0
50.0
40.0
60.0
50.0
70.0
40.0
70.0
50.0
60.0
50.0
30.0
90.0
40.0
110.0
30.0
50.0
30.0
50.0
150.0
90.0
130.0
40.0
50.0
60.0
60.0
50.0
60.0
80.0
50.0
30.0
60.0
40.0
30.0
30.0
70.0
30.0
60.0
50.0
50.0
40.0
30.0
50.0
60.0
60.0
50.0
70.0
60.0
50.0
60.0
40.0
50.0
100.0
40.0
50.0
70.0
50.0
70.0
40.0
70.0
