30.0
30.0
80.0
60.0
40.0
90.0
30.0
50.0
150.0
70.0
100.0
30.0
30.0
40.0
40.0
30.0
30.0
70.0
30.0
30.0
90.0
50.0
30.0
30.0
30.0
100.0
30.0
30.0
30.0
30.0
80.0
30.0
30.0
50.0
30.0
30.0
30.0
30.0
30.0
30.0
50.0
110.0
40.0
30.0
50.0
80.0
30.0
60.0
30.0
60.0
30.0
60.0
110.0
70.0
100.0
60.0
30.0
80.0
80.0
30.0
120.0
50.0
70.0
50.0
80.0
80.0
40.0
70.0
60.0
40.0
30.0
60.0
80.0
40.0
30.0
90.0
60.0
50.0
30.0
30.0
40.0
60.0
210.0
50.0
90.0
80.0
30.0
150.0
140.0
80.0
130.0
150.0
100.0
130.0
110.0
80.0
30.0
30.0
30.0
40.0
40.0
30.0
30.0
40.0
100.0
80.0
60.0
130.0
60.0
110.0
60.0
140.0
30.0
90.0
100.0
50.0
60.0
40.0
90.0
30.0
50.0
60.0
60.0
100.0
100.0
110.0
90.0
30.0
130.0
120.0
40.0
70.0
80.0
30.0
30.0
30.0
30.0
80.0
110.0
30.0
110.0
90.0
40.0
60.0
30.0
70.0
50.0
120.0
30.0
70.0
30.0
100.0
30.0
30.0
70.0
90.0
100.0
200.0
80.0
30.0
30.0
30.0
180.0
30.0
110.0
30.0
50.0
30.0
50.0
80.0
30.0
30.0
30.0
40.0
40.0
30.0
50.0
40.0
100.0
80.0
40.0
130.0
120.0
70.0
90.0
70.0
50.0
40.0
70.0
60.0
80.0
50.0
80.0
90.0
30.0
50.0
30.0
30.0
120.0
30.0
30.0
30.0
50.0
50.0
60.0
40.0
60.0
140.0
30.0
40.0
80.0
40.0
30.0
30.0
60.0
90.0
30.0
240.0
50.0
30.0
100.0
120.0
110.0
90.0
70.0
110.0
100.0
110.0
90.0
110.0
90.0
90.0
90.0
150.0
40.0
80.0
70.0
120.0
240.0
110.0
110.0
60.0
260.0
60.0
110.0
90.0
140.0
360.0
120.0
70.0
50.0
120.0
30.0
30.0
70.0
90.0
50.0
60.0
100.0
110.0
70.0
90.0
110.0
30.0
30.0
80.0
90.0
70.0
80.0
30.0
100.0
70.0
100.0
70.0
90.0
100.0
70.0
120.0
80.0
30.0
180.0
90.0
110.0
90.0
80.0
100.0
70.0
100.0
90.0
40.0
70.0
70.0
100.0
80.0
60.0
80.0
60.0
30.0
70.0
70.0
50.0
60.0
70.0
90.0
70.0
80.0
70.0
100.0
60.0
100.0
80.0
70.0
60.0
70.0
70.0
70.0
70.0
70.0
70.0
80.0
80.0
60.0
60.0
60.0
70.0
40.0
60.0
70.0
80.0
80.0
40.0
70.0
70.0
110.0
80.0
60.0
70.0
50.0
70.0
60.0
60.0
70.0
60.0
70.0
100.0
70.0
110.0
70.0
60.0
70.0
40.0
150.0
70.0
100.0
100.0
150.0
80.0
80.0
30.0
30.0
100.0
30.0
100.0
90.0
30.0
60.0
30.0
100.0
50.0
30.0
80.0
30.0
110.0
80.0
50.0
90.0
90.0
150.0
50.0
110.0
80.0
100.0
60.0
80.0
70.0
60.0
50.0
70.0
30.0
40.0
70.0
80.0
100.0
60.0
90.0
40.0
80.0
70.0
50.0
60.0
30.0
30.0
80.0
70.0
30.0
40.0
30.0
100.0
30.0
160.0
140.0
120.0
30.0
100.0
110.0
60.0
100.0
60.0
80.0
