110.0
30.0
50.0
40.0
50.0
260.0
40.0
130.0
80.0
30.0
110.0
50.0
30.0
50.0
160.0
50.0
30.0
200.0
70.0
30.0
30.0
60.0
30.0
40.0
80.0
60.0
40.0
70.0
80.0
240.0
60.0
130.0
30.0
260.0
110.0
110.0
30.0
30.0
50.0
30.0
30.0
30.0
70.0
30.0
70.0
30.0
40.0
70.0
50.0
30.0
190.0
30.0
190.0
40.0
40.0
220.0
30.0
90.0
30.0
50.0
50.0
30.0
30.0
30.0
30.0
50.0
30.0
60.0
30.0
30.0
30.0
30.0
40.0
90.0
120.0
200.0
50.0
40.0
60.0
60.0
80.0
70.0
100.0
110.0
80.0
140.0
220.0
200.0
60.0
60.0
180.0
40.0
60.0
70.0
30.0
80.0
30.0
40.0
30.0
30.0
110.0
40.0
40.0
30.0
50.0
110.0
130.0
30.0
50.0
40.0
50.0
90.0
30.0
30.0
30.0
30.0
120.0
90.0
90.0
70.0
30.0
30.0
90.0
30.0
70.0
30.0
80.0
110.0
40.0
70.0
30.0
60.0
70.0
30.0
60.0
60.0
50.0
80.0
350.0
30.0
90.0
100.0
40.0
300.0
50.0
170.0
110.0
30.0
30.0
80.0
30.0
100.0
30.0
70.0
350.0
40.0
80.0
130.0
420.0
60.0
40.0
350.0
30.0
30.0
30.0
230.0
310.0
80.0
80.0
40.0
90.0
370.0
30.0
30.0
120.0
80.0
30.0
30.0
70.0
60.0
30.0
30.0
30.0
80.0
210.0
30.0
30.0
60.0
60.0
50.0
140.0
90.0
30.0
30.0
50.0
30.0
30.0
40.0
50.0
30.0
30.0
160.0
30.0
40.0
90.0
30.0
50.0
170.0
170.0
30.0
30.0
60.0
40.0
30.0
30.0
80.0
160.0
30.0
50.0
40.0
40.0
50.0
30.0
30.0
40.0
30.0
60.0
50.0
30.0
30.0
30.0
80.0
30.0
30.0
60.0
70.0
60.0
60.0
170.0
30.0
30.0
130.0
30.0
140.0
70.0
30.0
30.0
100.0
70.0
140.0
40.0
40.0
80.0
200.0
40.0
30.0
30.0
30.0
30.0
130.0
90.0
40.0
40.0
30.0
30.0
40.0
30.0
30.0
30.0
50.0
30.0
30.0
110.0
60.0
70.0
60.0
30.0
40.0
40.0
30.0
110.0
80.0
70.0
30.0
40.0
180.0
30.0
30.0
70.0
30.0
100.0
360.0
60.0
380.0
110.0
30.0
70.0
60.0
50.0
50.0
180.0
80.0
40.0
60.0
30.0
300.0
110.0
30.0
90.0
60.0
40.0
90.0
30.0
30.0
90.0
120.0
100.0
60.0
70.0
50.0
30.0
90.0
30.0
30.0
40.0
60.0
100.0
40.0
30.0
130.0
40.0
110.0
50.0
50.0
220.0
70.0
50.0
90.0
30.0
40.0
270.0
40.0
120.0
40.0
40.0
30.0
30.0
150.0
30.0
40.0
180.0
40.0
60.0
90.0
70.0
50.0
110.0
80.0
30.0
30.0
60.0
40.0
50.0
30.0
70.0
30.0
30.0
70.0
90.0
70.0
80.0
60.0
30.0
70.0
60.0
120.0
70.0
80.0
80.0
70.0
80.0
30.0
30.0
70.0
100.0
60.0
40.0
30.0
80.0
80.0
30.0
30.0
70.0
40.0
60.0
70.0
80.0
40.0
40.0
70.0
60.0
40.0
30.0
70.0
90.0
200.0
80.0
60.0
50.0
70.0
40.0
50.0
30.0
30.0
160.0
60.0
40.0
70.0
110.0
60.0
80.0
40.0
80.0
100.0
80.0
80.0
40.0
30.0
30.0
170.0
110.0
80.0
50.0
60.0
50.0
50.0
30.0
60.0
110.0
40.0
70.0
30.0
130.0
80.0
60.0
70.0
100.0
40.0
70.0
40.0
70.0
50.0
70.0
60.0
30.0
50.0
60.0
40.0
30.0
80.0
50.0
30.0
50.0
40.0
30.0
30.0
30.0
50.0
80.0
40.0
90.0
50.0
280.0
50.0
60.0
30.0
70.0
70.0
30.0
210.0
30.0
80.0
30.0
50.0
40.0
50.0
60.0
50.0
70.0
40.0
70.0
30.0
80.0
130.0
30.0
60.0
40.0
30.0
30.0
80.0
70.0
60.0
50.0
40.0
60.0
60.0
50.0
80.0
70.0
40.0
30.0
60.0
40.0
290.0
50.0
100.0
70.0
80.0
50.0
90.0
90.0
30.0
40.0
30.0
110.0
30.0
60.0
30.0
30.0
50.0
80.0
30.0
30.0
30.0
40.0
50.0
40.0
50.0
70.0
40.0
40.0
30.0
30.0
70.0
40.0
50.0
40.0
30.0
30.0
50.0
80.0
40.0
