90.0
50.0
50.0
50.0
90.0
140.0
30.0
50.0
80.0
130.0
40.0
110.0
30.0
30.0
80.0
90.0
50.0
30.0
80.0
90.0
70.0
70.0
90.0
90.0
290.0
50.0
280.0
50.0
80.0
90.0
50.0
60.0
90.0
30.0
70.0
190.0
190.0
110.0
100.0
100.0
80.0
100.0
100.0
60.0
60.0
100.0
80.0
70.0
60.0
70.0
60.0
90.0
170.0
80.0
80.0
70.0
30.0
30.0
60.0
50.0
60.0
90.0
70.0
40.0
60.0
170.0
80.0
50.0
30.0
50.0
80.0
40.0
60.0
80.0
70.0
40.0
30.0
60.0
80.0
70.0
40.0
70.0
30.0
60.0
30.0
230.0
30.0
60.0
80.0
60.0
80.0
110.0
50.0
90.0
50.0
70.0
80.0
110.0
80.0
50.0
120.0
100.0
70.0
80.0
60.0
90.0
70.0
30.0
50.0
90.0
60.0
160.0
60.0
30.0
90.0
80.0
70.0
60.0
50.0
90.0
80.0
80.0
80.0
90.0
70.0
60.0
90.0
80.0
80.0
60.0
30.0
30.0
50.0
100.0
90.0
80.0
70.0
90.0
80.0
30.0
90.0
60.0
90.0
80.0
50.0
60.0
100.0
80.0
50.0
40.0
50.0
50.0
70.0
80.0
80.0
120.0
40.0
50.0
40.0
50.0
40.0
80.0
30.0
40.0
