90.0
50.0
90.0
30.0
350.0
30.0
270.0
60.0
30.0
90.0
200.0
180.0
200.0
30.0
30.0
100.0
100.0
40.0
50.0
110.0
120.0
80.0
110.0
140.0
80.0
80.0
70.0
90.0
70.0
30.0
70.0
150.0
140.0
30.0
60.0
110.0
30.0
30.0
30.0
140.0
70.0
70.0
30.0
30.0
40.0
520.0
100.0
60.0
80.0
60.0
30.0
30.0
50.0
70.0
100.0
90.0
70.0
70.0
40.0
70.0
30.0
40.0
60.0
100.0
30.0
50.0
170.0
110.0
70.0
30.0
90.0
110.0
420.0
30.0
230.0
70.0
70.0
30.0
90.0
250.0
100.0
30.0
130.0
190.0
30.0
100.0
300.0
90.0
30.0
90.0
40.0
70.0
70.0
60.0
100.0
30.0
70.0
130.0
30.0
210.0
30.0
30.0
110.0
130.0
150.0
120.0
40.0
30.0
90.0
220.0
60.0
30.0
130.0
30.0
160.0
30.0
120.0
70.0
30.0
90.0
240.0
100.0
360.0
100.0
230.0
210.0
30.0
160.0
210.0
30.0
30.0
30.0
270.0
250.0
200.0
80.0
160.0
150.0
100.0
70.0
120.0
30.0
80.0
100.0
30.0
40.0
340.0
90.0
70.0
130.0
70.0
130.0
440.0
120.0
30.0
160.0
260.0
30.0
420.0
100.0
110.0
130.0
60.0
120.0
30.0
90.0
30.0
1460.0
100.0
120.0
270.0
240.0
110.0
110.0
60.0
300.0
60.0
130.0
30.0
60.0
50.0
180.0
140.0
440.0
80.0
120.0
40.0
110.0
90.0
110.0
30.0
50.0
170.0
30.0
100.0
500.0
180.0
30.0
180.0
270.0
240.0
130.0
70.0
70.0
250.0
200.0
30.0
260.0
110.0
80.0
130.0
50.0
230.0
90.0
30.0
140.0
30.0
110.0
160.0
120.0
120.0
40.0
60.0
90.0
110.0
460.0
340.0
140.0
80.0
150.0
500.0
110.0
130.0
920.0
240.0
30.0
250.0
180.0
450.0
340.0
30.0
60.0
120.0
460.0
160.0
120.0
90.0
140.0
130.0
90.0
220.0
330.0
90.0
140.0
310.0
100.0
130.0
160.0
130.0
140.0
70.0
200.0
190.0
240.0
90.0
110.0
100.0
100.0
90.0
40.0
140.0
50.0
80.0
30.0
130.0
290.0
90.0
60.0
50.0
200.0
120.0
150.0
60.0
270.0
90.0
70.0
30.0
300.0
60.0
80.0
110.0
160.0
120.0
130.0
80.0
90.0
100.0
130.0
30.0
50.0
100.0
40.0
110.0
110.0
60.0
170.0
190.0
30.0
100.0
140.0
80.0
220.0
250.0
220.0
250.0
90.0
30.0
220.0
110.0
30.0
100.0
110.0
140.0
180.0
50.0
100.0
150.0
60.0
160.0
150.0
90.0
30.0
100.0
160.0
30.0
310.0
30.0
230.0
90.0
40.0
140.0
50.0
60.0
30.0
80.0
180.0
90.0
60.0
60.0
200.0
120.0
150.0
80.0
220.0
100.0
110.0
50.0
30.0
30.0
130.0
30.0
80.0
30.0
120.0
70.0
370.0
130.0
90.0
90.0
50.0
220.0
30.0
60.0
130.0
90.0
50.0
80.0
150.0
70.0
90.0
60.0
360.0
60.0
30.0
150.0
40.0
40.0
160.0
90.0
70.0
150.0
90.0
100.0
60.0
70.0
60.0
90.0
40.0
50.0
30.0
30.0
70.0
120.0
130.0
150.0
90.0
70.0
30.0
100.0
30.0
130.0
220.0
70.0
30.0
150.0
100.0
150.0
50.0
30.0
100.0
50.0
80.0
90.0
120.0
70.0
150.0
140.0
150.0
90.0
100.0
40.0
70.0
200.0
90.0
30.0
90.0
80.0
230.0
60.0
70.0
30.0
80.0
220.0
30.0
150.0
30.0
40.0
170.0
80.0
130.0
90.0
90.0
80.0
170.0
190.0
80.0
60.0
170.0
320.0
30.0
120.0
70.0
30.0
70.0
290.0
120.0
30.0
90.0
30.0
30.0
60.0
110.0
230.0
80.0
160.0
60.0
80.0
120.0
120.0
120.0
60.0
130.0
120.0
30.0
130.0
170.0
90.0
100.0
90.0
60.0
140.0
70.0
50.0
160.0
100.0
250.0
50.0
30.0
240.0
50.0
60.0
160.0
120.0
70.0
170.0
100.0
50.0
670.0
90.0
40.0
110.0
100.0
30.0
100.0
40.0
30.0
60.0
30.0
30.0
90.0
80.0
330.0
60.0
140.0
310.0
60.0
140.0
60.0
30.0
190.0
70.0
130.0
50.0
30.0
110.0
30.0
280.0
70.0
280.0
140.0
70.0
250.0
130.0
110.0
100.0
160.0
300.0
80.0
170.0
30.0
300.0
90.0
120.0
40.0
70.0
500.0
30.0
30.0
30.0
120.0
30.0
90.0
110.0
40.0
80.0
60.0
50.0
110.0
100.0
60.0
30.0
270.0
70.0
60.0
110.0
110.0
100.0
80.0
50.0
230.0
60.0
60.0
270.0
30.0
50.0
100.0
100.0
30.0
30.0
60.0
140.0
60.0
40.0
110.0
60.0
190.0
210.0
160.0
80.0
180.0
40.0
30.0
240.0
60.0
130.0
50.0
100.0
130.0
180.0
70.0
50.0
110.0
140.0
80.0
130.0
30.0
70.0
60.0
80.0
110.0
70.0
80.0
80.0
90.0
110.0
170.0
140.0
80.0
70.0
90.0
160.0
160.0
50.0
120.0
120.0
50.0
120.0
90.0
120.0
50.0
50.0
140.0
50.0
80.0
30.0
40.0
80.0
70.0
60.0
50.0
60.0
100.0
80.0
50.0
140.0
70.0
150.0
140.0
100.0
120.0
90.0
30.0
30.0
30.0
70.0
130.0
30.0
40.0
90.0
80.0
190.0
90.0
70.0
60.0
190.0
50.0
50.0
160.0
40.0
110.0
110.0
60.0
80.0
70.0
70.0
60.0
90.0
80.0
110.0
100.0
60.0
40.0
80.0
110.0
160.0
110.0
30.0
70.0
90.0
90.0
100.0
80.0
90.0
100.0
70.0
100.0
60.0
80.0
200.0
110.0
140.0
50.0
60.0
40.0
190.0
90.0
120.0
90.0
50.0
140.0
80.0
60.0
120.0
70.0
70.0
170.0
130.0
160.0
100.0
80.0
110.0
50.0
30.0
160.0
80.0
60.0
160.0
80.0
100.0
80.0
30.0
200.0
60.0
80.0
60.0
70.0
110.0
80.0
80.0
70.0
110.0
90.0
