310.0
30.0
90.0
60.0
30.0
70.0
220.0
70.0
270.0
70.0
70.0
420.0
180.0
30.0
590.0
110.0
30.0
90.0
50.0
30.0
30.0
180.0
120.0
140.0
60.0
50.0
70.0
40.0
50.0
30.0
140.0
30.0
50.0
240.0
40.0
30.0
60.0
60.0
120.0
30.0
30.0
130.0
130.0
60.0
120.0
40.0
30.0
50.0
30.0
110.0
40.0
40.0
50.0
350.0
50.0
90.0
40.0
90.0
30.0
120.0
80.0
80.0
70.0
120.0
60.0
70.0
50.0
30.0
100.0
40.0
70.0
100.0
30.0
200.0
80.0
30.0
30.0
70.0
100.0
60.0
30.0
40.0
70.0
40.0
30.0
30.0
30.0
30.0
150.0
60.0
30.0
120.0
30.0
50.0
30.0
50.0
70.0
30.0
30.0
40.0
80.0
30.0
40.0
60.0
110.0
90.0
40.0
60.0
30.0
30.0
40.0
90.0
40.0
150.0
220.0
30.0
30.0
120.0
30.0
270.0
90.0
90.0
90.0
180.0
130.0
30.0
30.0
70.0
140.0
80.0
70.0
80.0
40.0
30.0
90.0
30.0
50.0
30.0
390.0
120.0
30.0
530.0
50.0
30.0
30.0
120.0
30.0
100.0
90.0
50.0
30.0
30.0
290.0
190.0
60.0
60.0
110.0
80.0
70.0
180.0
300.0
30.0
50.0
90.0
40.0
250.0
90.0
110.0
30.0
70.0
130.0
120.0
60.0
60.0
120.0
30.0
270.0
30.0
250.0
90.0
50.0
60.0
220.0
80.0
30.0
230.0
30.0
80.0
80.0
80.0
210.0
170.0
260.0
210.0
90.0
40.0
40.0
70.0
40.0
190.0
140.0
210.0
30.0
50.0
30.0
80.0
250.0
50.0
70.0
90.0
30.0
50.0
50.0
100.0
100.0
30.0
30.0
80.0
80.0
40.0
120.0
30.0
30.0
70.0
40.0
120.0
80.0
110.0
230.0
130.0
30.0
330.0
130.0
50.0
90.0
170.0
40.0
40.0
80.0
70.0
30.0
30.0
230.0
30.0
30.0
80.0
70.0
30.0
260.0
180.0
40.0
30.0
30.0
240.0
330.0
50.0
40.0
90.0
30.0
30.0
30.0
190.0
50.0
60.0
30.0
30.0
40.0
30.0
30.0
50.0
60.0
80.0
90.0
130.0
300.0
60.0
80.0
30.0
60.0
40.0
30.0
290.0
40.0
110.0
70.0
50.0
50.0
60.0
30.0
30.0
110.0
60.0
80.0
30.0
70.0
220.0
40.0
50.0
30.0
90.0
110.0
30.0
320.0
50.0
110.0
50.0
250.0
60.0
30.0
60.0
30.0
90.0
30.0
240.0
170.0
180.0
40.0
90.0
150.0
40.0
90.0
90.0
30.0
50.0
50.0
80.0
30.0
50.0
50.0
80.0
90.0
30.0
90.0
60.0
100.0
80.0
70.0
60.0
30.0
100.0
100.0
50.0
240.0
80.0
40.0
80.0
50.0
310.0
50.0
70.0
80.0
60.0
30.0
30.0
200.0
160.0
40.0
30.0
60.0
170.0
100.0
80.0
120.0
80.0
130.0
100.0
120.0
120.0
40.0
40.0
50.0
200.0
80.0
40.0
30.0
60.0
230.0
90.0
120.0
30.0
220.0
30.0
80.0
90.0
70.0
50.0
30.0
50.0
390.0
50.0
60.0
50.0
190.0
70.0
100.0
50.0
120.0
50.0
60.0
50.0
60.0
60.0
50.0
70.0
30.0
110.0
70.0
30.0
130.0
30.0
50.0
30.0
40.0
50.0
50.0
30.0
30.0
40.0
40.0
80.0
70.0
60.0
30.0
70.0
30.0
30.0
60.0
40.0
50.0
30.0
40.0
40.0
60.0
50.0
30.0
30.0
40.0
40.0
80.0
60.0
40.0
50.0
40.0
40.0
70.0
40.0
50.0
80.0
40.0
40.0
30.0
50.0
50.0
60.0
40.0
50.0
70.0
40.0
40.0
40.0
40.0
230.0
50.0
30.0
100.0
50.0
40.0
30.0
50.0
260.0
50.0
30.0
40.0
40.0
40.0
40.0
40.0
50.0
50.0
40.0
30.0
40.0
60.0
30.0
70.0
50.0
40.0
30.0
40.0
70.0
160.0
30.0
30.0
110.0
30.0
50.0
50.0
40.0
180.0
40.0
50.0
40.0
30.0
50.0
40.0
60.0
40.0
40.0
50.0
40.0
50.0
50.0
40.0
40.0
40.0
30.0
40.0
50.0
40.0
50.0
40.0
140.0
210.0
50.0
40.0
50.0
40.0
100.0
40.0
30.0
60.0
90.0
50.0
50.0
50.0
50.0
70.0
120.0
60.0
30.0
190.0
90.0
40.0
100.0
110.0
30.0
40.0
180.0
30.0
100.0
40.0
80.0
40.0
40.0
60.0
60.0
90.0
60.0
30.0
50.0
50.0
40.0
40.0
30.0
30.0
70.0
90.0
30.0
30.0
30.0
80.0
220.0
40.0
70.0
30.0
30.0
50.0
40.0
60.0
50.0
30.0
