50.0
50.0
30.0
50.0
50.0
50.0
30.0
80.0
30.0
110.0
30.0
70.0
30.0
70.0
60.0
70.0
60.0
30.0
30.0
40.0
40.0
90.0
70.0
60.0
70.0
30.0
50.0
30.0
100.0
100.0
80.0
50.0
40.0
50.0
50.0
40.0
40.0
60.0
50.0
40.0
40.0
50.0
70.0
40.0
60.0
50.0
40.0
60.0
30.0
70.0
60.0
30.0
30.0
50.0
30.0
30.0
70.0
70.0
70.0
40.0
80.0
50.0
30.0
30.0
40.0
40.0
70.0
40.0
30.0
70.0
50.0
50.0
50.0
50.0
180.0
90.0
60.0
40.0
70.0
60.0
50.0
70.0
80.0
80.0
170.0
70.0
40.0
50.0
40.0
30.0
50.0
50.0
70.0
60.0
80.0
60.0
50.0
70.0
50.0
50.0
70.0
60.0
60.0
50.0
50.0
30.0
70.0
40.0
50.0
90.0
60.0
50.0
30.0
70.0
40.0
40.0
70.0
50.0
50.0
40.0
60.0
40.0
70.0
60.0
40.0
60.0
50.0
40.0
40.0
30.0
60.0
40.0
30.0
60.0
50.0
50.0
50.0
40.0
40.0
40.0
40.0
50.0
30.0
80.0
40.0
30.0
