30.0
80.0
60.0
90.0
40.0
180.0
100.0
50.0
110.0
30.0
130.0
40.0
310.0
70.0
90.0
100.0
50.0
80.0
80.0
100.0
50.0
60.0
30.0
70.0
30.0
210.0
200.0
40.0
110.0
90.0
70.0
40.0
190.0
160.0
30.0
90.0
90.0
30.0
70.0
30.0
30.0
50.0
50.0
310.0
100.0
30.0
80.0
40.0
140.0
130.0
40.0
150.0
60.0
140.0
80.0
50.0
60.0
30.0
70.0
130.0
30.0
60.0
30.0
50.0
30.0
30.0
50.0
40.0
70.0
60.0
70.0
60.0
30.0
70.0
80.0
30.0
60.0
80.0
70.0
90.0
80.0
70.0
40.0
30.0
50.0
30.0
120.0
90.0
30.0
50.0
60.0
30.0
160.0
30.0
60.0
110.0
140.0
80.0
340.0
70.0
160.0
90.0
100.0
100.0
30.0
80.0
50.0
80.0
240.0
80.0
50.0
30.0
30.0
40.0
110.0
90.0
40.0
90.0
30.0
50.0
430.0
100.0
100.0
50.0
90.0
110.0
140.0
120.0
480.0
60.0
60.0
30.0
60.0
50.0
110.0
230.0
100.0
60.0
50.0
100.0
80.0
40.0
40.0
60.0
310.0
70.0
90.0
80.0
100.0
50.0
30.0
40.0
150.0
90.0
100.0
100.0
50.0
90.0
50.0
80.0
50.0
40.0
30.0
30.0
130.0
50.0
30.0
70.0
30.0
30.0
120.0
80.0
130.0
60.0
80.0
60.0
30.0
30.0
50.0
70.0
60.0
50.0
30.0
90.0
50.0
110.0
110.0
70.0
80.0
160.0
50.0
220.0
90.0
100.0
230.0
140.0
60.0
120.0
180.0
60.0
110.0
610.0
50.0
210.0
110.0
80.0
120.0
30.0
110.0
90.0
370.0
120.0
150.0
130.0
40.0
660.0
70.0
60.0
100.0
60.0
110.0
50.0
30.0
180.0
30.0
110.0
70.0
60.0
130.0
90.0
50.0
110.0
150.0
90.0
130.0
90.0
70.0
30.0
60.0
110.0
60.0
60.0
70.0
70.0
100.0
290.0
70.0
60.0
90.0
80.0
70.0
70.0
40.0
60.0
220.0
70.0
70.0
100.0
