120.0
90.0
30.0
70.0
70.0
40.0
50.0
30.0
70.0
30.0
30.0
30.0
40.0
30.0
30.0
70.0
30.0
30.0
40.0
70.0
30.0
260.0
30.0
30.0
40.0
30.0
30.0
40.0
30.0
70.0
30.0
30.0
30.0
220.0
70.0
40.0
50.0
30.0
40.0
40.0
30.0
60.0
30.0
30.0
30.0
30.0
30.0
30.0
60.0
40.0
30.0
70.0
30.0
180.0
30.0
60.0
30.0
40.0
30.0
30.0
50.0
70.0
30.0
30.0
100.0
50.0
140.0
40.0
30.0
30.0
30.0
80.0
30.0
30.0
40.0
30.0
30.0
30.0
30.0
30.0
50.0
70.0
430.0
60.0
30.0
40.0
40.0
30.0
30.0
80.0
30.0
30.0
50.0
30.0
30.0
30.0
320.0
30.0
50.0
30.0
30.0
40.0
30.0
30.0
30.0
30.0
70.0
40.0
50.0
740.0
30.0
110.0
40.0
40.0
30.0
480.0
70.0
30.0
30.0
170.0
30.0
30.0
30.0
30.0
30.0
210.0
30.0
90.0
30.0
80.0
150.0
50.0
30.0
330.0
60.0
250.0
80.0
50.0
70.0
50.0
30.0
200.0
50.0
30.0
80.0
70.0
30.0
30.0
240.0
90.0
30.0
60.0
40.0
40.0
80.0
40.0
40.0
130.0
30.0
70.0
50.0
170.0
30.0
50.0
60.0
40.0
70.0
30.0
40.0
40.0
80.0
30.0
50.0
240.0
40.0
30.0
40.0
70.0
210.0
40.0
40.0
70.0
60.0
30.0
40.0
100.0
80.0
60.0
30.0
30.0
40.0
30.0
30.0
60.0
60.0
70.0
60.0
100.0
30.0
50.0
100.0
30.0
30.0
30.0
40.0
90.0
80.0
50.0
60.0
50.0
30.0
40.0
220.0
40.0
80.0
80.0
30.0
30.0
70.0
270.0
40.0
300.0
70.0
30.0
50.0
100.0
30.0
30.0
50.0
30.0
30.0
30.0
70.0
30.0
750.0
40.0
40.0
70.0
50.0
70.0
50.0
130.0
50.0
80.0
70.0
30.0
30.0
40.0
50.0
70.0
30.0
490.0
30.0
30.0
30.0
70.0
30.0
30.0
60.0
60.0
30.0
40.0
30.0
30.0
60.0
40.0
70.0
50.0
30.0
50.0
40.0
60.0
40.0
40.0
40.0
30.0
30.0
60.0
100.0
50.0
30.0
30.0
30.0
30.0
30.0
30.0
70.0
50.0
30.0
70.0
80.0
100.0
30.0
30.0
70.0
60.0
30.0
30.0
30.0
30.0
70.0
80.0
100.0
50.0
40.0
40.0
60.0
30.0
30.0
60.0
50.0
60.0
30.0
40.0
30.0
30.0
40.0
40.0
40.0
30.0
30.0
50.0
40.0
30.0
40.0
40.0
50.0
50.0
30.0
30.0
30.0
30.0
40.0
40.0
30.0
30.0
40.0
80.0
60.0
30.0
40.0
30.0
50.0
650.0
100.0
60.0
90.0
40.0
30.0
260.0
220.0
80.0
60.0
150.0
70.0
50.0
50.0
120.0
70.0
40.0
140.0
30.0
230.0
150.0
60.0
30.0
120.0
150.0
70.0
100.0
60.0
60.0
50.0
110.0
50.0
190.0
40.0
80.0
70.0
250.0
30.0
30.0
150.0
80.0
60.0
30.0
60.0
80.0
30.0
90.0
50.0
50.0
60.0
170.0
140.0
40.0
240.0
30.0
30.0
70.0
40.0
30.0
30.0
50.0
40.0
50.0
30.0
720.0
90.0
60.0
50.0
80.0
50.0
130.0
30.0
140.0
50.0
30.0
120.0
70.0
80.0
30.0
40.0
30.0
230.0
90.0
50.0
80.0
50.0
30.0
30.0
70.0
50.0
30.0
30.0
30.0
60.0
30.0
40.0
180.0
60.0
60.0
30.0
60.0
60.0
30.0
60.0
40.0
30.0
290.0
70.0
110.0
70.0
190.0
50.0
80.0
30.0
40.0
70.0
30.0
30.0
30.0
40.0
60.0
70.0
40.0
190.0
60.0
60.0
30.0
50.0
30.0
40.0
50.0
80.0
60.0
90.0
30.0
60.0
40.0
40.0
270.0
30.0
50.0
50.0
60.0
30.0
30.0
70.0
50.0
30.0
60.0
80.0
60.0
50.0
40.0
70.0
90.0
50.0
40.0
70.0
30.0
50.0
30.0
50.0
290.0
80.0
30.0
310.0
30.0
70.0
100.0
50.0
50.0
30.0
220.0
30.0
30.0
50.0
150.0
160.0
30.0
30.0
50.0
30.0
70.0
70.0
220.0
70.0
30.0
50.0
80.0
40.0
70.0
120.0
70.0
70.0
60.0
150.0
50.0
120.0
240.0
90.0
70.0
130.0
80.0
30.0
530.0
30.0
60.0
70.0
80.0
60.0
70.0
40.0
40.0
60.0
70.0
60.0
50.0
130.0
60.0
90.0
80.0
60.0
50.0
50.0
70.0
40.0
70.0
120.0
80.0
60.0
30.0
70.0
30.0
30.0
40.0
220.0
70.0
100.0
30.0
30.0
40.0
30.0
60.0
60.0
80.0
40.0
30.0
30.0
30.0
50.0
60.0
60.0
50.0
60.0
100.0
60.0
60.0
50.0
60.0
70.0
30.0
30.0
30.0
60.0
70.0
60.0
50.0
40.0
60.0
70.0
40.0
30.0
80.0
40.0
40.0
70.0
30.0
50.0
70.0
60.0
30.0
60.0
50.0
50.0
30.0
30.0
90.0
70.0
80.0
80.0
30.0
30.0
60.0
30.0
40.0
40.0
50.0
30.0
30.0
40.0
70.0
50.0
30.0
60.0
30.0
50.0
40.0
40.0
60.0
40.0
120.0
40.0
40.0
60.0
90.0
30.0
180.0
90.0
70.0
40.0
50.0
70.0
30.0
40.0
60.0
180.0
60.0
30.0
30.0
60.0
80.0
30.0
40.0
30.0
30.0
50.0
80.0
30.0
30.0
30.0
30.0
40.0
40.0
30.0
40.0
30.0
80.0
40.0
60.0
40.0
40.0
30.0
30.0
30.0
50.0
70.0
30.0
30.0
50.0
30.0
30.0
50.0
30.0
40.0
50.0
50.0
60.0
40.0
60.0
50.0
90.0
30.0
60.0
70.0
30.0
50.0
60.0
50.0
30.0
30.0
30.0
80.0
80.0
470.0
50.0
60.0
40.0
30.0
90.0
90.0
30.0
60.0
70.0
90.0
30.0
70.0
30.0
110.0
80.0
30.0
60.0
30.0
30.0
50.0
70.0
50.0
30.0
50.0
130.0
40.0
80.0
60.0
30.0
90.0
30.0
30.0
30.0
30.0
40.0
30.0
60.0
40.0
90.0
40.0
80.0
30.0
70.0
