120.0
90.0
80.0
80.0
70.0
70.0
50.0
70.0
90.0
70.0
90.0
80.0
70.0
110.0
90.0
70.0
150.0
100.0
80.0
80.0
60.0
80.0
70.0
40.0
70.0
100.0
80.0
110.0
70.0
50.0
30.0
100.0
170.0
100.0
100.0
180.0
30.0
70.0
90.0
100.0
90.0
100.0
120.0
110.0
60.0
70.0
90.0
70.0
70.0
70.0
70.0
60.0
30.0
110.0
110.0
90.0
70.0
80.0
80.0
50.0
110.0
90.0
110.0
100.0
80.0
80.0
90.0
70.0
90.0
80.0
80.0
90.0
80.0
80.0
60.0
80.0
150.0
80.0
70.0
100.0
130.0
80.0
90.0
100.0
90.0
90.0
110.0
90.0
80.0
80.0
90.0
110.0
60.0
90.0
110.0
80.0
70.0
80.0
90.0
90.0
80.0
80.0
70.0
90.0
70.0
80.0
90.0
60.0
90.0
80.0
80.0
80.0
100.0
90.0
40.0
80.0
80.0
50.0
90.0
30.0
30.0
30.0
130.0
100.0
80.0
70.0
40.0
50.0
80.0
130.0
130.0
50.0
90.0
100.0
90.0
140.0
30.0
60.0
120.0
80.0
100.0
80.0
70.0
70.0
30.0
180.0
70.0
60.0
70.0
120.0
100.0
140.0
130.0
80.0
100.0
60.0
180.0
80.0
50.0
60.0
60.0
30.0
70.0
70.0
60.0
80.0
100.0
70.0
90.0
80.0
90.0
60.0
90.0
60.0
60.0
80.0
250.0
80.0
70.0
280.0
80.0
70.0
80.0
60.0
80.0
60.0
130.0
90.0
70.0
80.0
60.0
70.0
70.0
80.0
60.0
90.0
70.0
80.0
70.0
90.0
70.0
70.0
70.0
80.0
150.0
100.0
80.0
70.0
90.0
80.0
130.0
40.0
350.0
130.0
80.0
100.0
