30.0
110.0
30.0
30.0
30.0
30.0
330.0
60.0
70.0
30.0
30.0
30.0
110.0
200.0
30.0
30.0
30.0
30.0
30.0
30.0
30.0
30.0
70.0
40.0
30.0
170.0
70.0
30.0
70.0
30.0
30.0
30.0
30.0
30.0
50.0
50.0
30.0
80.0
70.0
60.0
100.0
30.0
130.0
100.0
30.0
70.0
40.0
100.0
60.0
60.0
30.0
80.0
30.0
80.0
30.0
130.0
30.0
70.0
60.0
50.0
30.0
30.0
50.0
30.0
50.0
30.0
30.0
110.0
30.0
90.0
30.0
170.0
30.0
130.0
30.0
30.0
40.0
60.0
60.0
50.0
40.0
30.0
40.0
110.0
30.0
30.0
30.0
40.0
50.0
30.0
30.0
30.0
30.0
90.0
30.0
140.0
240.0
30.0
50.0
90.0
30.0
110.0
30.0
330.0
120.0
30.0
30.0
30.0
100.0
30.0
100.0
30.0
90.0
90.0
30.0
40.0
110.0
400.0
30.0
70.0
30.0
60.0
50.0
80.0
50.0
30.0
70.0
60.0
30.0
30.0
30.0
30.0
80.0
80.0
50.0
30.0
70.0
120.0
70.0
60.0
40.0
50.0
30.0
30.0
30.0
80.0
40.0
30.0
30.0
30.0
110.0
30.0
100.0
50.0
30.0
100.0
70.0
30.0
90.0
30.0
50.0
60.0
100.0
40.0
30.0
50.0
120.0
30.0
40.0
30.0
70.0
60.0
90.0
40.0
80.0
30.0
30.0
140.0
30.0
30.0
50.0
30.0
50.0
60.0
30.0
30.0
30.0
30.0
50.0
90.0
30.0
60.0
30.0
30.0
280.0
40.0
30.0
90.0
70.0
80.0
50.0
30.0
30.0
30.0
40.0
40.0
130.0
90.0
90.0
70.0
70.0
180.0
70.0
100.0
60.0
160.0
130.0
240.0
50.0
40.0
50.0
190.0
70.0
60.0
30.0
150.0
80.0
30.0
30.0
30.0
110.0
120.0
240.0
260.0
30.0
100.0
270.0
40.0
30.0
70.0
80.0
60.0
30.0
80.0
60.0
30.0
270.0
30.0
170.0
90.0
120.0
30.0
120.0
140.0
110.0
150.0
80.0
210.0
140.0
140.0
120.0
50.0
110.0
60.0
80.0
150.0
70.0
30.0
30.0
40.0
30.0
40.0
30.0
60.0
30.0
110.0
30.0
70.0
160.0
30.0
90.0
80.0
120.0
30.0
150.0
40.0
30.0
70.0
100.0
30.0
50.0
70.0
30.0
30.0
200.0
30.0
50.0
40.0
100.0
100.0
30.0
350.0
30.0
70.0
110.0
30.0
30.0
130.0
30.0
60.0
40.0
30.0
30.0
30.0
30.0
70.0
60.0
50.0
110.0
30.0
30.0
40.0
30.0
140.0
50.0
30.0
30.0
30.0
30.0
110.0
90.0
70.0
100.0
30.0
50.0
50.0
50.0
30.0
40.0
30.0
170.0
30.0
30.0
60.0
30.0
30.0
100.0
80.0
30.0
80.0
140.0
80.0
50.0
30.0
90.0
140.0
180.0
120.0
30.0
220.0
30.0
70.0
70.0
30.0
50.0
30.0
80.0
50.0
90.0
30.0
30.0
90.0
70.0
60.0
30.0
140.0
50.0
180.0
30.0
30.0
30.0
40.0
30.0
30.0
30.0
30.0
130.0
50.0
30.0
30.0
170.0
50.0
230.0
30.0
40.0
50.0
170.0
30.0
30.0
40.0
150.0
60.0
220.0
50.0
110.0
150.0
40.0
100.0
80.0
120.0
70.0
120.0
110.0
140.0
30.0
30.0
30.0
50.0
240.0
30.0
30.0
30.0
30.0
260.0
60.0
120.0
90.0
220.0
210.0
30.0
100.0
50.0
30.0
100.0
150.0
70.0
30.0
100.0
140.0
160.0
30.0
30.0
100.0
30.0
30.0
30.0
40.0
30.0
30.0
50.0
40.0
50.0
170.0
40.0
80.0
60.0
30.0
70.0
70.0
120.0
30.0
30.0
30.0
40.0
30.0
110.0
60.0
100.0
50.0
80.0
60.0
30.0
70.0
100.0
30.0
30.0
190.0
130.0
30.0
100.0
110.0
80.0
100.0
60.0
50.0
30.0
120.0
30.0
30.0
30.0
40.0
30.0
60.0
30.0
110.0
30.0
70.0
160.0
30.0
80.0
320.0
120.0
30.0
50.0
50.0
30.0
50.0
100.0
40.0
50.0
40.0
30.0
40.0
40.0
70.0
30.0
500.0
40.0
90.0
60.0
180.0
60.0
60.0
70.0
100.0
30.0
120.0
30.0
50.0
90.0
50.0
30.0
30.0
50.0
30.0
30.0
40.0
70.0
60.0
40.0
70.0
90.0
80.0
40.0
30.0
60.0
70.0
80.0
30.0
30.0
90.0
30.0
30.0
130.0
40.0
30.0
100.0
260.0
30.0
40.0
30.0
100.0
30.0
30.0
140.0
50.0
80.0
100.0
40.0
40.0
90.0
110.0
100.0
80.0
80.0
60.0
60.0
60.0
70.0
30.0
30.0
30.0
80.0
70.0
30.0
50.0
70.0
60.0
30.0
30.0
30.0
50.0
30.0
70.0
30.0
60.0
30.0
100.0
70.0
90.0
30.0
50.0
70.0
30.0
30.0
70.0
30.0
30.0
30.0
30.0
30.0
30.0
60.0
30.0
30.0
30.0
30.0
80.0
30.0
30.0
30.0
30.0
90.0
30.0
80.0
80.0
30.0
30.0
80.0
70.0
190.0
30.0
120.0
260.0
110.0
30.0
100.0
50.0
70.0
40.0
100.0
40.0
40.0
150.0
30.0
90.0
50.0
110.0
70.0
120.0
50.0
60.0
70.0
40.0
70.0
40.0
70.0
40.0
60.0
120.0
60.0
60.0
60.0
60.0
80.0
50.0
110.0
80.0
90.0
120.0
30.0
50.0
60.0
80.0
70.0
110.0
90.0
70.0
70.0
30.0
230.0
70.0
80.0
60.0
100.0
110.0
50.0
70.0
60.0
60.0
40.0
70.0
30.0
70.0
120.0
110.0
70.0
70.0
50.0
60.0
100.0
50.0
110.0
170.0
30.0
90.0
100.0
110.0
160.0
60.0
90.0
80.0
70.0
90.0
60.0
40.0
80.0
140.0
70.0
90.0
70.0
50.0
80.0
30.0
60.0
110.0
40.0
50.0
150.0
50.0
70.0
60.0
140.0
100.0
50.0
110.0
60.0
70.0
90.0
80.0
30.0
40.0
40.0
100.0
90.0
210.0
30.0
30.0
60.0
130.0
50.0
290.0
30.0
60.0
50.0
60.0
70.0
100.0
100.0
60.0
30.0
60.0
60.0
130.0
60.0
80.0
40.0
40.0
100.0
180.0
60.0
30.0
60.0
140.0
70.0
30.0
90.0
60.0
70.0
60.0
120.0
60.0
70.0
80.0
50.0
80.0
230.0
80.0
60.0
60.0
70.0
70.0
100.0
90.0
450.0
60.0
80.0
70.0
60.0
50.0
50.0
170.0
60.0
60.0
50.0
30.0
60.0
30.0
350.0
40.0
30.0
60.0
70.0
60.0
100.0
60.0
60.0
60.0
40.0
60.0
50.0
90.0
50.0
60.0
100.0
70.0
80.0
70.0
30.0
60.0
50.0
50.0
100.0
40.0
70.0
60.0
90.0
70.0
30.0
80.0
40.0
100.0
90.0
70.0
50.0
90.0
60.0
50.0
70.0
30.0
40.0
30.0
30.0
80.0
60.0
100.0
40.0
70.0
70.0
70.0
40.0
50.0
70.0
40.0
70.0
70.0
120.0
90.0
70.0
60.0
60.0
110.0
70.0
50.0
70.0
50.0
40.0
50.0
30.0
30.0
30.0
60.0
60.0
70.0
30.0
40.0
40.0
70.0
110.0
30.0
70.0
60.0
140.0
70.0
60.0
90.0
80.0
70.0
50.0
50.0
30.0
30.0
30.0
30.0
40.0
70.0
50.0
40.0
80.0
70.0
30.0
40.0
60.0
40.0
30.0
40.0
40.0
60.0
80.0
130.0
50.0
50.0
30.0
30.0
70.0
40.0
50.0
30.0
60.0
70.0
80.0
60.0
50.0
30.0
70.0
30.0
70.0
50.0
50.0
30.0
50.0
40.0
60.0
90.0
160.0
60.0
30.0
90.0
100.0
100.0
60.0
30.0
60.0
30.0
60.0
50.0
60.0
40.0
70.0
110.0
40.0
60.0
100.0
30.0
50.0
80.0
60.0
90.0
50.0
70.0
60.0
60.0
190.0
90.0
110.0
30.0
60.0
80.0
30.0
90.0
30.0
160.0
100.0
70.0
30.0
30.0
90.0
100.0
130.0
100.0
60.0
100.0
80.0
30.0
60.0
60.0
70.0
30.0
70.0
110.0
70.0
50.0
50.0
30.0
30.0
70.0
30.0
60.0
90.0
70.0
130.0
70.0
60.0
70.0
110.0
30.0
100.0
40.0
140.0
30.0
70.0
80.0
50.0
30.0
30.0
30.0
40.0
100.0
60.0
130.0
60.0
50.0
120.0
80.0
90.0
30.0
160.0
40.0
100.0
60.0
30.0
70.0
180.0
30.0
30.0
