120.0
140.0
110.0
30.0
80.0
120.0
70.0
40.0
50.0
70.0
100.0
30.0
150.0
100.0
70.0
30.0
70.0
100.0
30.0
30.0
170.0
300.0
50.0
100.0
30.0
40.0
30.0
30.0
40.0
30.0
70.0
30.0
50.0
30.0
30.0
60.0
50.0
30.0
40.0
30.0
30.0
360.0
40.0
30.0
30.0
30.0
30.0
50.0
50.0
30.0
50.0
30.0
130.0
50.0
70.0
50.0
30.0
60.0
80.0
30.0
30.0
50.0
120.0
30.0
30.0
30.0
70.0
100.0
150.0
70.0
90.0
50.0
110.0
80.0
30.0
80.0
70.0
90.0
60.0
60.0
70.0
90.0
100.0
90.0
230.0
120.0
50.0
80.0
150.0
30.0
60.0
60.0
120.0
110.0
30.0
120.0
140.0
110.0
130.0
100.0
70.0
60.0
70.0
90.0
90.0
80.0
30.0
90.0
50.0
30.0
90.0
30.0
50.0
70.0
140.0
30.0
120.0
30.0
30.0
30.0
60.0
70.0
180.0
90.0
110.0
140.0
90.0
170.0
30.0
160.0
30.0
140.0
120.0
120.0
100.0
70.0
130.0
160.0
30.0
30.0
30.0
200.0
110.0
30.0
30.0
30.0
120.0
30.0
110.0
30.0
30.0
110.0
90.0
110.0
80.0
120.0
150.0
100.0
110.0
100.0
100.0
100.0
40.0
100.0
50.0
70.0
100.0
30.0
80.0
110.0
90.0
80.0
100.0
80.0
100.0
180.0
50.0
60.0
60.0
50.0
30.0
60.0
70.0
40.0
70.0
90.0
70.0
100.0
70.0
30.0
30.0
90.0
110.0
