60.0
30.0
260.0
30.0
30.0
30.0
60.0
40.0
30.0
40.0
30.0
70.0
30.0
40.0
50.0
70.0
50.0
40.0
210.0
60.0
30.0
70.0
30.0
30.0
70.0
190.0
30.0
40.0
90.0
30.0
70.0
60.0
30.0
50.0
30.0
30.0
30.0
40.0
30.0
210.0
50.0
110.0
120.0
90.0
500.0
30.0
90.0
30.0
60.0
30.0
30.0
110.0
90.0
80.0
50.0
60.0
160.0
70.0
30.0
30.0
30.0
30.0
150.0
270.0
30.0
140.0
30.0
110.0
200.0
140.0
60.0
70.0
260.0
170.0
390.0
120.0
30.0
50.0
90.0
90.0
30.0
140.0
30.0
30.0
60.0
30.0
280.0
140.0
130.0
110.0
330.0
70.0
120.0
60.0
220.0
170.0
110.0
250.0
60.0
110.0
190.0
80.0
100.0
60.0
340.0
80.0
200.0
170.0
80.0
220.0
90.0
50.0
140.0
280.0
180.0
70.0
70.0
70.0
110.0
290.0
60.0
110.0
280.0
70.0
120.0
110.0
50.0
110.0
40.0
40.0
50.0
50.0
30.0
80.0
30.0
50.0
60.0
100.0
110.0
70.0
30.0
130.0
30.0
90.0
180.0
70.0
60.0
30.0
180.0
30.0
120.0
60.0
30.0
60.0
90.0
120.0
40.0
70.0
30.0
110.0
40.0
30.0
60.0
90.0
40.0
180.0
50.0
50.0
30.0
50.0
70.0
90.0
140.0
50.0
110.0
90.0
130.0
90.0
50.0
90.0
50.0
50.0
30.0
80.0
90.0
30.0
30.0
60.0
50.0
30.0
30.0
70.0
30.0
70.0
30.0
30.0
40.0
60.0
80.0
90.0
60.0
30.0
70.0
40.0
30.0
30.0
30.0
30.0
70.0
60.0
70.0
30.0
90.0
60.0
210.0
30.0
50.0
70.0
80.0
780.0
130.0
60.0
80.0
30.0
120.0
140.0
100.0
50.0
120.0
120.0
50.0
160.0
70.0
150.0
110.0
160.0
80.0
280.0
120.0
140.0
100.0
50.0
310.0
30.0
50.0
180.0
180.0
90.0
70.0
120.0
70.0
350.0
230.0
100.0
110.0
480.0
80.0
130.0
100.0
90.0
160.0
200.0
30.0
90.0
110.0
30.0
30.0
70.0
30.0
120.0
90.0
30.0
110.0
30.0
30.0
160.0
40.0
140.0
30.0
120.0
150.0
90.0
140.0
120.0
60.0
40.0
30.0
130.0
110.0
40.0
130.0
110.0
120.0
130.0
100.0
240.0
60.0
120.0
170.0
50.0
120.0
140.0
110.0
170.0
80.0
120.0
140.0
150.0
90.0
200.0
110.0
90.0
140.0
170.0
180.0
160.0
130.0
150.0
180.0
110.0
150.0
80.0
620.0
190.0
110.0
100.0
40.0
200.0
70.0
130.0
170.0
240.0
170.0
40.0
180.0
100.0
80.0
160.0
120.0
60.0
80.0
260.0
50.0
90.0
120.0
80.0
30.0
100.0
60.0
80.0
130.0
130.0
30.0
50.0
110.0
120.0
100.0
110.0
150.0
70.0
130.0
60.0
90.0
100.0
110.0
100.0
50.0
150.0
110.0
150.0
60.0
160.0
130.0
80.0
150.0
90.0
130.0
60.0
140.0
190.0
70.0
50.0
60.0
40.0
140.0
120.0
190.0
30.0
110.0
90.0
140.0
40.0
110.0
170.0
200.0
270.0
100.0
130.0
110.0
80.0
30.0
30.0
240.0
50.0
160.0
70.0
90.0
190.0
30.0
50.0
40.0
90.0
130.0
150.0
60.0
70.0
70.0
60.0
70.0
150.0
90.0
240.0
70.0
120.0
120.0
80.0
40.0
220.0
180.0
70.0
50.0
170.0
80.0
140.0
100.0
130.0
50.0
100.0
50.0
130.0
90.0
60.0
60.0
100.0
40.0
150.0
50.0
60.0
60.0
60.0
90.0
60.0
