110.0
60.0
310.0
100.0
80.0
80.0
120.0
40.0
80.0
30.0
100.0
30.0
180.0
70.0
60.0
50.0
30.0
50.0
60.0
40.0
60.0
40.0
50.0
120.0
90.0
70.0
80.0
390.0
30.0
30.0
30.0
30.0
40.0
60.0
320.0
40.0
70.0
70.0
30.0
90.0
30.0
90.0
30.0
70.0
60.0
40.0
150.0
50.0
150.0
30.0
100.0
30.0
30.0
70.0
40.0
70.0
60.0
320.0
30.0
30.0
30.0
100.0
120.0
30.0
30.0
40.0
30.0
90.0
60.0
50.0
30.0
30.0
70.0
50.0
90.0
220.0
80.0
50.0
140.0
60.0
110.0
40.0
70.0
70.0
120.0
120.0
30.0
280.0
80.0
50.0
80.0
80.0
150.0
140.0
290.0
50.0
30.0
120.0
90.0
50.0
120.0
70.0
80.0
110.0
140.0
80.0
90.0
40.0
80.0
80.0
80.0
60.0
30.0
30.0
60.0
60.0
30.0
40.0
70.0
50.0
50.0
90.0
220.0
80.0
30.0
70.0
30.0
120.0
100.0
90.0
40.0
30.0
90.0
70.0
110.0
70.0
60.0
30.0
90.0
90.0
90.0
90.0
80.0
60.0
30.0
60.0
50.0
50.0
220.0
60.0
30.0
80.0
30.0
40.0
90.0
60.0
60.0
100.0
30.0
70.0
70.0
70.0
50.0
90.0
70.0
30.0
30.0
30.0
50.0
70.0
90.0
60.0
80.0
60.0
60.0
60.0
80.0
30.0
70.0
70.0
70.0
70.0
60.0
50.0
60.0
70.0
60.0
70.0
70.0
60.0
60.0
30.0
30.0
110.0
410.0
60.0
80.0
140.0
50.0
30.0
60.0
60.0
100.0
110.0
70.0
90.0
80.0
70.0
120.0
170.0
240.0
80.0
120.0
60.0
60.0
60.0
60.0
90.0
210.0
100.0
80.0
70.0
70.0
180.0
140.0
60.0
90.0
100.0
80.0
70.0
80.0
70.0
60.0
90.0
80.0
70.0
70.0
70.0
80.0
50.0
60.0
50.0
50.0
80.0
30.0
30.0
40.0
60.0
110.0
70.0
60.0
90.0
110.0
30.0
50.0
100.0
30.0
60.0
100.0
30.0
60.0
30.0
50.0
30.0
60.0
40.0
40.0
70.0
100.0
70.0
90.0
30.0
90.0
60.0
70.0
60.0
70.0
60.0
60.0
30.0
80.0
100.0
70.0
50.0
90.0
30.0
60.0
30.0
90.0
110.0
40.0
50.0
90.0
80.0
60.0
180.0
80.0
110.0
70.0
110.0
60.0
40.0
50.0
310.0
50.0
110.0
60.0
90.0
100.0
140.0
40.0
60.0
30.0
50.0
30.0
30.0
70.0
30.0
40.0
70.0
80.0
50.0
150.0
40.0
60.0
50.0
70.0
60.0
60.0
50.0
30.0
50.0
40.0
30.0
100.0
100.0
30.0
90.0
50.0
70.0
70.0
80.0
70.0
40.0
60.0
90.0
80.0
80.0
70.0
50.0
30.0
80.0
50.0
50.0
60.0
100.0
50.0
80.0
50.0
50.0
90.0
110.0
110.0
50.0
30.0
40.0
70.0
60.0
40.0
90.0
30.0
100.0
50.0
60.0
80.0
50.0
200.0
60.0
