200.0
80.0
150.0
190.0
50.0
200.0
50.0
50.0
110.0
30.0
100.0
110.0
30.0
260.0
50.0
100.0
30.0
30.0
100.0
240.0
90.0
80.0
60.0
230.0
150.0
220.0
110.0
250.0
30.0
30.0
130.0
120.0
150.0
60.0
90.0
30.0
30.0
30.0
30.0
30.0
40.0
80.0
330.0
140.0
240.0
920.0
30.0
30.0
40.0
30.0
50.0
30.0
80.0
30.0
110.0
60.0
30.0
80.0
30.0
60.0
30.0
40.0
30.0
150.0
30.0
30.0
70.0
80.0
40.0
90.0
60.0
40.0
40.0
50.0
70.0
230.0
30.0
30.0
30.0
30.0
90.0
40.0
100.0
70.0
120.0
80.0
70.0
30.0
190.0
190.0
120.0
30.0
60.0
30.0
30.0
30.0
110.0
90.0
30.0
50.0
30.0
1250.0
30.0
40.0
30.0
30.0
90.0
60.0
30.0
30.0
30.0
30.0
30.0
30.0
80.0
70.0
80.0
30.0
30.0
30.0
30.0
30.0
140.0
30.0
30.0
100.0
300.0
100.0
80.0
90.0
180.0
210.0
130.0
100.0
80.0
90.0
70.0
140.0
180.0
260.0
160.0
80.0
90.0
80.0
100.0
90.0
70.0
50.0
310.0
90.0
120.0
200.0
180.0
190.0
30.0
60.0
160.0
30.0
120.0
70.0
80.0
120.0
60.0
70.0
150.0
60.0
80.0
540.0
130.0
30.0
30.0
100.0
30.0
30.0
70.0
80.0
160.0
40.0
80.0
90.0
120.0
210.0
180.0
30.0
70.0
70.0
110.0
130.0
30.0
80.0
70.0
370.0
80.0
120.0
70.0
30.0
80.0
260.0
70.0
70.0
30.0
100.0
70.0
90.0
60.0
250.0
40.0
60.0
140.0
40.0
110.0
80.0
160.0
40.0
40.0
110.0
70.0
80.0
120.0
190.0
170.0
60.0
60.0
190.0
80.0
40.0
370.0
30.0
130.0
30.0
90.0
80.0
100.0
230.0
80.0
60.0
140.0
90.0
240.0
180.0
60.0
230.0
70.0
90.0
40.0
30.0
70.0
40.0
140.0
130.0
160.0
50.0
60.0
50.0
200.0
30.0
100.0
40.0
70.0
260.0
120.0
30.0
50.0
60.0
40.0
50.0
70.0
100.0
40.0
100.0
60.0
70.0
190.0
50.0
80.0
50.0
70.0
60.0
70.0
50.0
50.0
70.0
70.0
130.0
100.0
460.0
150.0
50.0
70.0
130.0
120.0
80.0
80.0
40.0
50.0
70.0
70.0
160.0
110.0
110.0
40.0
200.0
70.0
110.0
90.0
90.0
70.0
50.0
140.0
40.0
50.0
30.0
60.0
60.0
80.0
80.0
60.0
50.0
50.0
50.0
100.0
160.0
110.0
70.0
80.0
30.0
60.0
30.0
80.0
60.0
70.0
70.0
120.0
30.0
50.0
150.0
90.0
30.0
60.0
130.0
270.0
60.0
80.0
30.0
140.0
50.0
50.0
100.0
110.0
170.0
70.0
80.0
40.0
50.0
60.0
30.0
140.0
30.0
170.0
60.0
150.0
60.0
90.0
190.0
260.0
150.0
160.0
70.0
100.0
70.0
110.0
50.0
130.0
80.0
50.0
80.0
60.0
50.0
60.0
130.0
30.0
50.0
60.0
30.0
190.0
60.0
30.0
210.0
60.0
40.0
40.0
40.0
150.0
150.0
40.0
30.0
60.0
70.0
60.0
30.0
30.0
30.0
70.0
110.0
30.0
90.0
80.0
100.0
80.0
100.0
70.0
60.0
90.0
150.0
70.0
50.0
50.0
30.0
40.0
80.0
50.0
40.0
40.0
40.0
140.0
50.0
30.0
90.0
70.0
30.0
30.0
40.0
200.0
80.0
80.0
70.0
30.0
40.0
60.0
30.0
40.0
60.0
70.0
30.0
60.0
200.0
40.0
40.0
30.0
40.0
90.0
40.0
30.0
40.0
30.0
50.0
140.0
30.0
190.0
50.0
70.0
50.0
100.0
110.0
50.0
90.0
70.0
30.0
50.0
90.0
60.0
140.0
60.0
40.0
50.0
50.0
30.0
30.0
50.0
120.0
40.0
40.0
110.0
30.0
50.0
30.0
30.0
30.0
50.0
50.0
30.0
40.0
60.0
40.0
50.0
180.0
50.0
