90.0
70.0
60.0
40.0
90.0
50.0
120.0
60.0
60.0
80.0
60.0
30.0
270.0
110.0
120.0
50.0
80.0
110.0
90.0
30.0
60.0
50.0
80.0
90.0
70.0
70.0
60.0
140.0
60.0
110.0
130.0
70.0
80.0
80.0
80.0
130.0
60.0
70.0
60.0
90.0
60.0
70.0
80.0
90.0
70.0
90.0
90.0
70.0
80.0
60.0
70.0
120.0
110.0
80.0
100.0
120.0
110.0
130.0
110.0
90.0
110.0
140.0
150.0
120.0
110.0
70.0
110.0
120.0
90.0
80.0
130.0
150.0
140.0
70.0
140.0
120.0
70.0
120.0
110.0
100.0
100.0
100.0
120.0
90.0
80.0
90.0
100.0
80.0
140.0
90.0
80.0
90.0
80.0
90.0
70.0
100.0
70.0
110.0
100.0
70.0
80.0
90.0
100.0
100.0
70.0
100.0
80.0
80.0
90.0
80.0
30.0
100.0
120.0
90.0
80.0
70.0
90.0
100.0
90.0
90.0
90.0
110.0
60.0
60.0
