130.0
100.0
80.0
110.0
510.0
90.0
100.0
90.0
120.0
100.0
90.0
90.0
220.0
30.0
120.0
250.0
200.0
50.0
30.0
70.0
70.0
110.0
70.0
150.0
70.0
120.0
100.0
120.0
110.0
80.0
140.0
110.0
90.0
70.0
160.0
90.0
80.0
90.0
90.0
100.0
70.0
80.0
100.0
70.0
50.0
100.0
40.0
40.0
180.0
50.0
140.0
60.0
140.0
230.0
60.0
140.0
100.0
60.0
110.0
110.0
130.0
90.0
60.0
70.0
170.0
60.0
100.0
90.0
90.0
110.0
60.0
90.0
130.0
90.0
80.0
40.0
90.0
100.0
110.0
100.0
120.0
90.0
60.0
110.0
100.0
120.0
40.0
80.0
50.0
140.0
50.0
60.0
30.0
110.0
80.0
140.0
70.0
120.0
80.0
60.0
100.0
100.0
80.0
60.0
80.0
90.0
70.0
100.0
100.0
90.0
80.0
100.0
80.0
110.0
80.0
70.0
80.0
70.0
100.0
70.0
100.0
60.0
80.0
90.0
100.0
140.0
80.0
60.0
60.0
100.0
80.0
120.0
90.0
80.0
110.0
80.0
70.0
70.0
60.0
90.0
