30.0
30.0
30.0
200.0
30.0
30.0
70.0
30.0
30.0
510.0
30.0
50.0
40.0
90.0
190.0
30.0
60.0
30.0
30.0
40.0
30.0
70.0
30.0
30.0
90.0
50.0
110.0
70.0
50.0
30.0
30.0
40.0
30.0
30.0
30.0
30.0
860.0
30.0
110.0
30.0
40.0
140.0
30.0
60.0
320.0
30.0
40.0
100.0
150.0
120.0
100.0
30.0
30.0
30.0
30.0
50.0
40.0
140.0
30.0
100.0
30.0
30.0
80.0
30.0
30.0
60.0
30.0
30.0
40.0
80.0
70.0
110.0
30.0
30.0
30.0
120.0
30.0
30.0
30.0
80.0
140.0
30.0
30.0
30.0
30.0
30.0
30.0
30.0
30.0
30.0
30.0
90.0
30.0
30.0
30.0
130.0
70.0
40.0
30.0
50.0
30.0
30.0
30.0
70.0
140.0
90.0
90.0
30.0
30.0
70.0
30.0
270.0
110.0
30.0
30.0
30.0
40.0
30.0
150.0
100.0
30.0
30.0
60.0
70.0
30.0
50.0
30.0
160.0
40.0
60.0
70.0
30.0
30.0
50.0
30.0
40.0
200.0
30.0
50.0
60.0
80.0
90.0
30.0
50.0
30.0
100.0
30.0
90.0
90.0
70.0
60.0
60.0
100.0
60.0
40.0
30.0
30.0
130.0
50.0
30.0
60.0
30.0
30.0
40.0
30.0
30.0
150.0
100.0
30.0
60.0
70.0
30.0
30.0
30.0
30.0
30.0
40.0
30.0
40.0
30.0
30.0
60.0
80.0
80.0
100.0
30.0
100.0
30.0
80.0
80.0
70.0
40.0
30.0
40.0
70.0
120.0
30.0
410.0
160.0
30.0
40.0
30.0
50.0
60.0
100.0
70.0
90.0
90.0
30.0
30.0
130.0
50.0
30.0
60.0
30.0
30.0
30.0
50.0
30.0
30.0
30.0
30.0
30.0
30.0
30.0
30.0
30.0
30.0
40.0
30.0
30.0
50.0
50.0
30.0
30.0
60.0
30.0
30.0
30.0
70.0
30.0
30.0
80.0
60.0
30.0
50.0
30.0
50.0
30.0
30.0
30.0
30.0
30.0
30.0
30.0
40.0
30.0
30.0
30.0
50.0
30.0
30.0
30.0
30.0
30.0
60.0
30.0
30.0
90.0
30.0
70.0
50.0
30.0
60.0
30.0
30.0
30.0
30.0
170.0
30.0
40.0
30.0
30.0
50.0
30.0
40.0
50.0
30.0
30.0
30.0
30.0
40.0
40.0
30.0
30.0
30.0
60.0
40.0
30.0
30.0
30.0
30.0
30.0
50.0
60.0
30.0
30.0
60.0
30.0
80.0
30.0
30.0
30.0
30.0
30.0
40.0
30.0
30.0
30.0
30.0
30.0
30.0
70.0
150.0
100.0
30.0
80.0
30.0
40.0
130.0
110.0
70.0
60.0
30.0
90.0
70.0
120.0
30.0
40.0
30.0
70.0
30.0
100.0
30.0
200.0
50.0
30.0
60.0
70.0
30.0
30.0
60.0
30.0
30.0
90.0
70.0
80.0
40.0
40.0
30.0
30.0
60.0
260.0
30.0
130.0
50.0
40.0
60.0
30.0
70.0
30.0
30.0
100.0
70.0
30.0
160.0
30.0
90.0
50.0
60.0
30.0
90.0
30.0
140.0
30.0
60.0
140.0
30.0
30.0
150.0
70.0
50.0
30.0
60.0
30.0
90.0
80.0
90.0
80.0
130.0
100.0
30.0
140.0
70.0
70.0
80.0
90.0
30.0
70.0
30.0
40.0
30.0
30.0
30.0
120.0
100.0
30.0
70.0
120.0
60.0
90.0
80.0
40.0
70.0
30.0
30.0
30.0
30.0
140.0
40.0
100.0
30.0
130.0
40.0
30.0
30.0
30.0
80.0
100.0
300.0
30.0
30.0
30.0
30.0
30.0
30.0
30.0
60.0
40.0
130.0
350.0
30.0
60.0
270.0
30.0
150.0
30.0
30.0
110.0
40.0
30.0
40.0
30.0
30.0
30.0
50.0
80.0
30.0
80.0
30.0
60.0
40.0
30.0
30.0
80.0
70.0
30.0
30.0
280.0
80.0
100.0
40.0
30.0
80.0
70.0
40.0
40.0
100.0
60.0
110.0
90.0
120.0
90.0
180.0
70.0
90.0
60.0
60.0
90.0
30.0
70.0
110.0
40.0
50.0
30.0
50.0
30.0
70.0
30.0
60.0
60.0
30.0
60.0
70.0
70.0
70.0
60.0
70.0
70.0
50.0
50.0
60.0
150.0
90.0
110.0
30.0
80.0
30.0
90.0
70.0
70.0
40.0
40.0
70.0
60.0
80.0
50.0
60.0
50.0
30.0
60.0
30.0
70.0
50.0
80.0
80.0
80.0
80.0
60.0
90.0
130.0
160.0
40.0
100.0
30.0
60.0
60.0
80.0
60.0
60.0
100.0
30.0
70.0
60.0
40.0
30.0
80.0
60.0
30.0
30.0
60.0
90.0
80.0
80.0
70.0
40.0
30.0
70.0
110.0
80.0
30.0
50.0
60.0
60.0
80.0
30.0
250.0
90.0
