40.0
30.0
30.0
30.0
60.0
40.0
30.0
50.0
30.0
30.0
30.0
110.0
50.0
60.0
220.0
140.0
30.0
30.0
60.0
130.0
300.0
30.0
30.0
140.0
50.0
130.0
50.0
30.0
90.0
30.0
40.0
60.0
30.0
60.0
30.0
30.0
30.0
30.0
60.0
50.0
140.0
30.0
40.0
30.0
150.0
30.0
80.0
30.0
40.0
50.0
30.0
30.0
30.0
150.0
30.0
40.0
30.0
30.0
640.0
80.0
80.0
40.0
110.0
30.0
30.0
60.0
30.0
240.0
30.0
30.0
30.0
180.0
50.0
130.0
60.0
130.0
30.0
70.0
80.0
30.0
30.0
30.0
240.0
30.0
30.0
40.0
30.0
80.0
60.0
50.0
40.0
50.0
150.0
50.0
140.0
30.0
120.0
60.0
40.0
30.0
70.0
50.0
250.0
80.0
30.0
40.0
40.0
30.0
30.0
30.0
60.0
110.0
280.0
30.0
30.0
30.0
30.0
30.0
40.0
250.0
30.0
60.0
30.0
140.0
40.0
30.0
100.0
30.0
30.0
60.0
90.0
30.0
30.0
40.0
30.0
60.0
80.0
30.0
160.0
30.0
70.0
30.0
180.0
30.0
50.0
110.0
130.0
30.0
40.0
60.0
170.0
30.0
30.0
30.0
30.0
40.0
30.0
120.0
70.0
30.0
30.0
30.0
60.0
50.0
30.0
30.0
30.0
30.0
40.0
40.0
30.0
90.0
60.0
60.0
30.0
30.0
30.0
30.0
30.0
130.0
30.0
30.0
60.0
40.0
30.0
90.0
70.0
240.0
80.0
180.0
40.0
40.0
50.0
30.0
40.0
40.0
110.0
30.0
50.0
30.0
60.0
30.0
40.0
30.0
170.0
30.0
30.0
70.0
190.0
60.0
70.0
30.0
50.0
130.0
30.0
30.0
30.0
60.0
30.0
110.0
30.0
60.0
50.0
30.0
40.0
40.0
30.0
80.0
70.0
60.0
100.0
160.0
60.0
30.0
150.0
30.0
130.0
310.0
60.0
30.0
30.0
50.0
30.0
90.0
60.0
70.0
30.0
100.0
30.0
30.0
30.0
30.0
30.0
140.0
50.0
110.0
60.0
40.0
110.0
40.0
30.0
30.0
30.0
80.0
30.0
40.0
30.0
60.0
140.0
40.0
30.0
80.0
40.0
190.0
40.0
30.0
100.0
90.0
60.0
70.0
130.0
70.0
50.0
30.0
70.0
340.0
100.0
100.0
60.0
140.0
50.0
60.0
30.0
30.0
30.0
90.0
240.0
30.0
40.0
30.0
30.0
40.0
70.0
30.0
60.0
70.0
50.0
30.0
30.0
30.0
30.0
40.0
30.0
40.0
30.0
140.0
30.0
50.0
40.0
80.0
130.0
50.0
120.0
240.0
60.0
120.0
80.0
80.0
90.0
40.0
70.0
60.0
80.0
40.0
130.0
60.0
140.0
70.0
100.0
90.0
80.0
90.0
30.0
50.0
200.0
150.0
70.0
50.0
30.0
110.0
90.0
170.0
30.0
130.0
30.0
90.0
480.0
30.0
80.0
70.0
330.0
110.0
100.0
150.0
120.0
50.0
220.0
150.0
230.0
50.0
230.0
100.0
100.0
110.0
80.0
120.0
40.0
190.0
90.0
80.0
130.0
190.0
60.0
140.0
60.0
30.0
40.0
80.0
30.0
70.0
250.0
300.0
160.0
70.0
60.0
160.0
110.0
50.0
30.0
30.0
160.0
70.0
130.0
80.0
60.0
60.0
40.0
60.0
70.0
280.0
220.0
460.0
50.0
80.0
80.0
140.0
60.0
330.0
30.0
120.0
390.0
640.0
70.0
40.0
90.0
80.0
170.0
130.0
350.0
220.0
60.0
40.0
100.0
30.0
60.0
100.0
50.0
80.0
60.0
50.0
100.0
30.0
60.0
40.0
60.0
30.0
30.0
70.0
220.0
90.0
60.0
30.0
100.0
70.0
30.0
270.0
60.0
30.0
140.0
30.0
190.0
30.0
200.0
90.0
40.0
30.0
120.0
250.0
30.0
70.0
50.0
30.0
140.0
30.0
100.0
40.0
250.0
60.0
70.0
60.0
30.0
30.0
50.0
60.0
50.0
50.0
30.0
120.0
270.0
30.0
30.0
90.0
30.0
90.0
70.0
30.0
50.0
70.0
50.0
100.0
80.0
60.0
30.0
120.0
50.0
30.0
100.0
30.0
50.0
40.0
30.0
50.0
220.0
40.0
340.0
130.0
30.0
60.0
200.0
310.0
40.0
40.0
200.0
40.0
440.0
30.0
480.0
40.0
60.0
40.0
40.0
90.0
110.0
120.0
140.0
70.0
90.0
40.0
70.0
30.0
30.0
30.0
230.0
90.0
110.0
60.0
50.0
50.0
30.0
280.0
200.0
110.0
40.0
30.0
40.0
200.0
50.0
90.0
60.0
280.0
30.0
210.0
80.0
140.0
50.0
70.0
30.0
30.0
60.0
30.0
50.0
30.0
120.0
40.0
50.0
60.0
30.0
30.0
110.0
50.0
40.0
50.0
30.0
30.0
180.0
100.0
60.0
50.0
100.0
30.0
40.0
80.0
30.0
60.0
60.0
80.0
60.0
100.0
30.0
30.0
30.0
170.0
30.0
220.0
60.0
70.0
70.0
140.0
80.0
60.0
40.0
80.0
50.0
70.0
90.0
30.0
50.0
30.0
70.0
40.0
400.0
50.0
30.0
70.0
80.0
30.0
80.0
80.0
330.0
30.0
80.0
30.0
70.0
200.0
30.0
90.0
40.0
110.0
80.0
50.0
50.0
30.0
90.0
40.0
30.0
50.0
390.0
70.0
30.0
160.0
40.0
80.0
290.0
30.0
30.0
30.0
30.0
100.0
90.0
40.0
30.0
140.0
80.0
30.0
30.0
40.0
40.0
50.0
50.0
30.0
70.0
30.0
90.0
90.0
250.0
60.0
60.0
30.0
80.0
160.0
30.0
120.0
80.0
30.0
60.0
100.0
40.0
80.0
60.0
30.0
30.0
60.0
40.0
60.0
30.0
30.0
70.0
220.0
90.0
70.0
30.0
110.0
50.0
270.0
40.0
40.0
70.0
60.0
40.0
130.0
50.0
30.0
40.0
50.0
30.0
30.0
260.0
90.0
40.0
30.0
350.0
30.0
70.0
70.0
60.0
30.0
30.0
170.0
50.0
40.0
110.0
40.0
30.0
310.0
150.0
30.0
30.0
60.0
130.0
150.0
70.0
70.0
80.0
50.0
40.0
40.0
50.0
130.0
90.0
30.0
110.0
50.0
40.0
30.0
140.0
30.0
220.0
30.0
30.0
30.0
30.0
30.0
30.0
40.0
40.0
60.0
30.0
80.0
100.0
60.0
30.0
30.0
40.0
40.0
30.0
60.0
30.0
160.0
90.0
230.0
50.0
40.0
110.0
30.0
30.0
30.0
40.0
30.0
40.0
30.0
60.0
30.0
30.0
30.0
30.0
50.0
40.0
30.0
70.0
30.0
80.0
40.0
30.0
50.0
60.0
30.0
30.0
50.0
40.0
100.0
110.0
60.0
60.0
70.0
30.0
30.0
50.0
50.0
30.0
40.0
30.0
30.0
40.0
30.0
30.0
30.0
30.0
40.0
40.0
50.0
50.0
30.0
120.0
30.0
30.0
30.0
60.0
30.0
30.0
30.0
30.0
90.0
60.0
30.0
90.0
30.0
360.0
40.0
30.0
40.0
30.0
30.0
120.0
40.0
30.0
90.0
210.0
30.0
80.0
60.0
40.0
30.0
40.0
30.0
60.0
50.0
30.0
30.0
30.0
60.0
30.0
30.0
50.0
30.0
50.0
50.0
50.0
30.0
30.0
140.0
30.0
30.0
40.0
210.0
120.0
30.0
30.0
30.0
30.0
30.0
100.0
30.0
30.0
30.0
110.0
30.0
30.0
30.0
110.0
30.0
170.0
40.0
30.0
80.0
70.0
30.0
40.0
40.0
40.0
90.0
140.0
30.0
30.0
60.0
60.0
710.0
70.0
100.0
130.0
70.0
80.0
70.0
30.0
210.0
30.0
50.0
40.0
60.0
40.0
70.0
70.0
50.0
170.0
80.0
30.0
200.0
40.0
90.0
70.0
50.0
40.0
30.0
50.0
40.0
50.0
100.0
140.0
50.0
220.0
80.0
30.0
160.0
70.0
150.0
30.0
60.0
100.0
110.0
100.0
40.0
70.0
540.0
220.0
140.0
40.0
60.0
290.0
30.0
50.0
70.0
260.0
60.0
70.0
50.0
180.0
60.0
30.0
80.0
30.0
50.0
50.0
60.0
50.0
90.0
80.0
80.0
50.0
60.0
80.0
70.0
40.0
80.0
90.0
60.0
90.0
340.0
30.0
80.0
110.0
50.0
60.0
30.0
30.0
90.0
90.0
90.0
80.0
40.0
70.0
30.0
50.0
100.0
60.0
330.0
80.0
30.0
40.0
300.0
50.0
90.0
90.0
60.0
320.0
230.0
50.0
60.0
40.0
60.0
50.0
80.0
50.0
80.0
80.0
100.0
60.0
30.0
30.0
190.0
40.0
170.0
40.0
40.0
40.0
30.0
550.0
40.0
50.0
110.0
80.0
80.0
90.0
280.0
70.0
50.0
50.0
130.0
50.0
30.0
50.0
80.0
80.0
40.0
90.0
70.0
60.0
160.0
50.0
130.0
50.0
160.0
60.0
280.0
300.0
80.0
260.0
290.0
110.0
790.0
50.0
40.0
40.0
90.0
60.0
80.0
60.0
50.0
60.0
30.0
50.0
50.0
70.0
70.0
60.0
70.0
90.0
70.0
70.0
50.0
110.0
50.0
70.0
40.0
40.0
70.0
210.0
30.0
40.0
70.0
50.0
40.0
240.0
50.0
300.0
190.0
60.0
560.0
50.0
30.0
50.0
110.0
610.0
50.0
40.0
40.0
30.0
50.0
60.0
50.0
100.0
80.0
80.0
150.0
30.0
60.0
80.0
80.0
40.0
860.0
60.0
40.0
40.0
60.0
70.0
100.0
250.0
70.0
30.0
170.0
120.0
50.0
40.0
50.0
130.0
460.0
30.0
30.0
110.0
50.0
60.0
100.0
70.0
120.0
40.0
110.0
50.0
90.0
50.0
80.0
50.0
50.0
60.0
70.0
40.0
30.0
60.0
180.0
50.0
40.0
260.0
130.0
80.0
30.0
740.0
100.0
150.0
50.0
50.0
50.0
30.0
200.0
40.0
180.0
60.0
40.0
50.0
60.0
110.0
30.0
40.0
70.0
190.0
50.0
100.0
130.0
50.0
50.0
30.0
60.0
120.0
60.0
30.0
140.0
30.0
30.0
30.0
50.0
300.0
50.0
90.0
90.0
250.0
70.0
50.0
260.0
30.0
30.0
70.0
60.0
40.0
80.0
50.0
50.0
190.0
40.0
70.0
50.0
40.0
100.0
100.0
60.0
190.0
110.0
40.0
40.0
30.0
50.0
30.0
300.0
50.0
70.0
90.0
70.0
50.0
50.0
40.0
60.0
60.0
70.0
40.0
90.0
40.0
40.0
30.0
60.0
50.0
30.0
140.0
80.0
220.0
30.0
90.0
240.0
40.0
120.0
60.0
50.0
40.0
40.0
250.0
60.0
90.0
250.0
60.0
90.0
50.0
50.0
80.0
40.0
30.0
80.0
70.0
230.0
70.0
50.0
30.0
50.0
50.0
60.0
40.0
50.0
60.0
30.0
70.0
90.0
80.0
40.0
60.0
50.0
60.0
60.0
130.0
50.0
70.0
60.0
80.0
60.0
50.0
30.0
30.0
190.0
140.0
240.0
70.0
120.0
50.0
30.0
50.0
60.0
90.0
40.0
80.0
30.0
80.0
30.0
50.0
30.0
210.0
50.0
30.0
90.0
100.0
140.0
130.0
60.0
40.0
210.0
60.0
30.0
40.0
490.0
30.0
60.0
30.0
40.0
30.0
80.0
60.0
30.0
70.0
50.0
70.0
40.0
80.0
40.0
30.0
50.0
40.0
30.0
60.0
60.0
60.0
80.0
50.0
120.0
120.0
70.0
40.0
140.0
30.0
70.0
80.0
80.0
60.0
190.0
60.0
270.0
80.0
30.0
70.0
30.0
30.0
60.0
40.0
70.0
40.0
240.0
50.0
90.0
100.0
70.0
60.0
50.0
80.0
110.0
30.0
110.0
70.0
110.0
140.0
90.0
40.0
70.0
50.0
30.0
40.0
50.0
60.0
120.0
70.0
40.0
60.0
30.0
70.0
40.0
200.0
40.0
30.0
50.0
40.0
50.0
50.0
40.0
30.0
50.0
30.0
50.0
90.0
60.0
50.0
80.0
30.0
70.0
60.0
60.0
110.0
110.0
80.0
30.0
50.0
40.0
90.0
50.0
180.0
130.0
170.0
50.0
50.0
70.0
30.0
40.0
110.0
60.0
50.0
60.0
30.0
50.0
50.0
30.0
190.0
40.0
40.0
30.0
100.0
60.0
90.0
80.0
110.0
240.0
60.0
250.0
60.0
50.0
70.0
50.0
80.0
30.0
260.0
60.0
160.0
60.0
80.0
70.0
80.0
50.0
30.0
100.0
60.0
40.0
70.0
140.0
30.0
40.0
260.0
70.0
40.0
70.0
50.0
40.0
90.0
30.0
220.0
100.0
240.0
60.0
40.0
40.0
50.0
50.0
90.0
50.0
50.0
40.0
110.0
90.0
30.0
110.0
30.0
50.0
70.0
30.0
50.0
60.0
40.0
40.0
60.0
160.0
110.0
140.0
40.0
40.0
100.0
70.0
50.0
60.0
60.0
60.0
50.0
50.0
60.0
70.0
60.0
60.0
30.0
40.0
70.0
60.0
30.0
100.0
40.0
60.0
120.0
30.0
30.0
40.0
30.0
130.0
40.0
310.0
60.0
50.0
90.0
40.0
50.0
50.0
50.0
240.0
40.0
30.0
40.0
150.0
40.0
30.0
50.0
40.0
60.0
40.0
60.0
50.0
50.0
40.0
40.0
150.0
60.0
50.0
50.0
50.0
50.0
50.0
40.0
30.0
30.0
40.0
40.0
40.0
30.0
30.0
90.0
50.0
50.0
30.0
120.0
30.0
40.0
50.0
80.0
40.0
30.0
50.0
30.0
40.0
60.0
60.0
30.0
170.0
100.0
40.0
150.0
100.0
50.0
70.0
60.0
70.0
80.0
120.0
80.0
60.0
50.0
100.0
70.0
50.0
30.0
60.0
50.0
30.0
30.0
60.0
70.0
240.0
30.0
50.0
70.0
30.0
70.0
40.0
40.0
40.0
30.0
250.0
30.0
210.0
50.0
40.0
60.0
50.0
50.0
50.0
70.0
60.0
100.0
70.0
50.0
120.0
30.0
50.0
180.0
40.0
90.0
40.0
40.0
50.0
50.0
30.0
50.0
230.0
70.0
30.0
190.0
40.0
50.0
60.0
60.0
40.0
30.0
70.0
60.0
90.0
40.0
50.0
30.0
60.0
70.0
40.0
70.0
30.0
40.0
50.0
30.0
30.0
50.0
60.0
90.0
70.0
60.0
50.0
30.0
50.0
60.0
70.0
50.0
50.0
50.0
50.0
40.0
190.0
50.0
80.0
230.0
40.0
50.0
50.0
40.0
70.0
140.0
40.0
60.0
110.0
50.0
50.0
70.0
40.0
30.0
30.0
30.0
30.0
30.0
40.0
30.0
30.0
80.0
30.0
60.0
30.0
50.0
40.0
120.0
50.0
60.0
30.0
40.0
90.0
30.0
220.0
30.0
50.0
60.0
40.0
90.0
50.0
40.0
30.0
70.0
250.0
50.0
30.0
60.0
60.0
50.0
30.0
60.0
70.0
50.0
30.0
40.0
60.0
80.0
50.0
30.0
