30.0
30.0
30.0
30.0
30.0
90.0
50.0
90.0
30.0
50.0
30.0
30.0
1260.0
3390.0
40.0
50.0
30.0
30.0
90.0
40.0
40.0
30.0
70.0
40.0
30.0
60.0
30.0
30.0
30.0
30.0
60.0
100.0
170.0
90.0
120.0
30.0
30.0
140.0
70.0
100.0
30.0
30.0
30.0
90.0
30.0
30.0
50.0
60.0
60.0
80.0
60.0
80.0
30.0
110.0
50.0
60.0
30.0
140.0
30.0
30.0
60.0
30.0
60.0
70.0
60.0
60.0
70.0
30.0
30.0
40.0
30.0
40.0
50.0
30.0
110.0
30.0
110.0
80.0
40.0
50.0
30.0
180.0
60.0
30.0
190.0
30.0
30.0
50.0
80.0
130.0
70.0
120.0
40.0
30.0
110.0
110.0
40.0
60.0
210.0
30.0
100.0
100.0
30.0
30.0
30.0
70.0
40.0
50.0
60.0
70.0
130.0
30.0
30.0
30.0
50.0
30.0
60.0
30.0
30.0
70.0
40.0
100.0
80.0
30.0
60.0
30.0
120.0
70.0
30.0
30.0
40.0
100.0
30.0
60.0
90.0
40.0
30.0
30.0
90.0
40.0
30.0
90.0
70.0
50.0
30.0
80.0
60.0
30.0
50.0
30.0
30.0
30.0
30.0
30.0
30.0
50.0
70.0
60.0
30.0
30.0
30.0
40.0
30.0
70.0
60.0
30.0
30.0
40.0
30.0
50.0
30.0
30.0
30.0
30.0
90.0
350.0
30.0
30.0
30.0
