350.0
30.0
30.0
80.0
30.0
30.0
130.0
70.0
30.0
30.0
60.0
30.0
30.0
30.0
30.0
30.0
30.0
30.0
110.0
30.0
30.0
60.0
30.0
30.0
30.0
30.0
90.0
30.0
30.0
40.0
30.0
220.0
60.0
60.0
30.0
60.0
70.0
30.0
30.0
70.0
50.0
70.0
30.0
60.0
40.0
70.0
40.0
210.0
30.0
80.0
30.0
30.0
30.0
30.0
30.0
50.0
50.0
30.0
70.0
110.0
70.0
140.0
40.0
40.0
30.0
70.0
100.0
90.0
70.0
30.0
30.0
100.0
50.0
70.0
60.0
40.0
50.0
50.0
40.0
60.0
60.0
50.0
60.0
80.0
70.0
130.0
30.0
40.0
30.0
90.0
130.0
50.0
30.0
30.0
50.0
30.0
120.0
30.0
80.0
90.0
40.0
40.0
60.0
80.0
30.0
30.0
30.0
30.0
30.0
60.0
70.0
50.0
30.0
50.0
50.0
60.0
80.0
100.0
90.0
100.0
90.0
140.0
60.0
190.0
120.0
50.0
130.0
30.0
90.0
60.0
180.0
40.0
50.0
210.0
110.0
200.0
30.0
30.0
80.0
240.0
80.0
30.0
50.0
40.0
130.0
30.0
400.0
50.0
80.0
70.0
70.0
180.0
120.0
60.0
70.0
50.0
30.0
60.0
30.0
30.0
290.0
60.0
40.0
50.0
130.0
120.0
150.0
200.0
30.0
30.0
30.0
100.0
90.0
100.0
80.0
50.0
70.0
30.0
80.0
80.0
100.0
30.0
80.0
50.0
50.0
70.0
70.0
80.0
50.0
130.0
60.0
50.0
90.0
70.0
80.0
60.0
80.0
50.0
30.0
40.0
120.0
50.0
50.0
30.0
80.0
70.0
70.0
80.0
40.0
80.0
40.0
60.0
90.0
40.0
80.0
40.0
70.0
50.0
40.0
80.0
50.0
50.0
50.0
60.0
50.0
80.0
40.0
70.0
70.0
60.0
40.0
70.0
80.0
30.0
70.0
90.0
160.0
100.0
