30.0
30.0
620.0
30.0
50.0
30.0
80.0
50.0
80.0
80.0
70.0
170.0
50.0
70.0
80.0
40.0
50.0
60.0
40.0
120.0
40.0
90.0
70.0
90.0
50.0
30.0
110.0
220.0
70.0
30.0
200.0
30.0
140.0
30.0
60.0
170.0
40.0
120.0
40.0
220.0
100.0
120.0
80.0
70.0
30.0
40.0
360.0
720.0
30.0
40.0
140.0
390.0
30.0
100.0
30.0
40.0
60.0
80.0
40.0
40.0
40.0
30.0
60.0
40.0
50.0
100.0
530.0
70.0
40.0
150.0
650.0
50.0
150.0
220.0
80.0
30.0
120.0
70.0
70.0
30.0
40.0
30.0
110.0
60.0
60.0
80.0
60.0
90.0
70.0
100.0
30.0
50.0
160.0
30.0
50.0
50.0
300.0
40.0
100.0
180.0
70.0
60.0
50.0
80.0
80.0
50.0
30.0
100.0
30.0
100.0
30.0
680.0
370.0
50.0
30.0
50.0
30.0
60.0
30.0
60.0
70.0
130.0
30.0
70.0
230.0
90.0
130.0
90.0
60.0
50.0
60.0
50.0
100.0
30.0
60.0
100.0
40.0
210.0
30.0
80.0
240.0
30.0
200.0
60.0
70.0
70.0
70.0
50.0
30.0
80.0
60.0
40.0
80.0
90.0
140.0
110.0
370.0
110.0
30.0
60.0
40.0
40.0
50.0
30.0
30.0
80.0
60.0
120.0
70.0
80.0
70.0
70.0
30.0
140.0
30.0
120.0
40.0
70.0
130.0
100.0
60.0
70.0
30.0
60.0
60.0
40.0
80.0
80.0
30.0
80.0
70.0
30.0
60.0
90.0
60.0
60.0
130.0
30.0
90.0
120.0
80.0
30.0
70.0
70.0
100.0
60.0
30.0
100.0
110.0
70.0
140.0
70.0
80.0
50.0
50.0
90.0
220.0
110.0
80.0
50.0
120.0
220.0
80.0
130.0
230.0
60.0
40.0
170.0
60.0
100.0
180.0
40.0
70.0
140.0
120.0
30.0
70.0
120.0
60.0
100.0
40.0
80.0
40.0
80.0
30.0
220.0
70.0
60.0
130.0
230.0
130.0
90.0
190.0
60.0
110.0
40.0
60.0
140.0
70.0
250.0
60.0
30.0
290.0
80.0
90.0
30.0
200.0
90.0
30.0
110.0
110.0
70.0
160.0
390.0
160.0
120.0
40.0
50.0
140.0
150.0
120.0
40.0
120.0
60.0
70.0
340.0
120.0
40.0
50.0
50.0
240.0
40.0
380.0
80.0
100.0
30.0
80.0
230.0
150.0
180.0
120.0
30.0
50.0
140.0
150.0
30.0
260.0
100.0
30.0
560.0
130.0
120.0
100.0
30.0
90.0
140.0
100.0
190.0
140.0
120.0
30.0
150.0
30.0
110.0
70.0
30.0
80.0
80.0
200.0
50.0
150.0
30.0
110.0
30.0
40.0
30.0
90.0
110.0
160.0
30.0
30.0
100.0
170.0
150.0
60.0
40.0
60.0
160.0
30.0
80.0
130.0
70.0
250.0
100.0
40.0
40.0
70.0
60.0
70.0
80.0
60.0
80.0
60.0
110.0
140.0
30.0
70.0
120.0
30.0
70.0
260.0
250.0
30.0
320.0
50.0
110.0
60.0
190.0
60.0
110.0
40.0
430.0
80.0
70.0
250.0
60.0
30.0
290.0
80.0
100.0
50.0
40.0
40.0
30.0
30.0
50.0
40.0
50.0
150.0
60.0
50.0
30.0
120.0
90.0
60.0
40.0
40.0
30.0
60.0
70.0
60.0
90.0
180.0
40.0
60.0
30.0
60.0
130.0
50.0
30.0
50.0
30.0
60.0
40.0
50.0
50.0
60.0
110.0
30.0
40.0
130.0
60.0
30.0
50.0
30.0
70.0
80.0
50.0
40.0
150.0
30.0
90.0
30.0
30.0
130.0
50.0
170.0
80.0
30.0
30.0
40.0
40.0
60.0
80.0
120.0
60.0
60.0
70.0
50.0
60.0
30.0
30.0
50.0
80.0
50.0
40.0
80.0
100.0
70.0
60.0
40.0
130.0
80.0
30.0
30.0
280.0
110.0
60.0
80.0
90.0
220.0
140.0
140.0
150.0
60.0
80.0
80.0
70.0
30.0
80.0
220.0
40.0
60.0
100.0
30.0
100.0
80.0
180.0
30.0
70.0
80.0
80.0
80.0
30.0
120.0
70.0
180.0
50.0
360.0
60.0
60.0
120.0
110.0
30.0
140.0
80.0
230.0
110.0
90.0
30.0
50.0
100.0
90.0
40.0
60.0
60.0
110.0
40.0
80.0
80.0
90.0
80.0
530.0
30.0
80.0
100.0
30.0
130.0
30.0
90.0
60.0
90.0
50.0
220.0
90.0
80.0
110.0
30.0
80.0
40.0
100.0
40.0
80.0
70.0
80.0
50.0
30.0
30.0
60.0
30.0
30.0
60.0
230.0
110.0
470.0
140.0
80.0
100.0
60.0
30.0
180.0
80.0
70.0
70.0
80.0
110.0
80.0
80.0
80.0
60.0
40.0
30.0
340.0
80.0
80.0
40.0
110.0
140.0
80.0
80.0
250.0
30.0
60.0
130.0
70.0
40.0
100.0
60.0
100.0
80.0
490.0
30.0
90.0
100.0
60.0
190.0
80.0
60.0
30.0
60.0
60.0
80.0
110.0
100.0
60.0
70.0
70.0
70.0
80.0
50.0
30.0
180.0
30.0
180.0
80.0
60.0
110.0
70.0
80.0
70.0
70.0
60.0
30.0
210.0
50.0
70.0
90.0
30.0
50.0
180.0
30.0
40.0
90.0
30.0
50.0
100.0
200.0
90.0
80.0
50.0
70.0
30.0
80.0
30.0
150.0
90.0
140.0
80.0
60.0
50.0
80.0
50.0
60.0
60.0
70.0
70.0
30.0
100.0
80.0
70.0
30.0
60.0
40.0
70.0
40.0
80.0
80.0
30.0
100.0
70.0
70.0
50.0
40.0
70.0
30.0
30.0
80.0
60.0
70.0
280.0
70.0
60.0
70.0
70.0
50.0
50.0
30.0
30.0
80.0
160.0
50.0
100.0
160.0
80.0
60.0
100.0
50.0
40.0
30.0
30.0
30.0
50.0
100.0
30.0
30.0
60.0
30.0
30.0
60.0
80.0
30.0
90.0
50.0
70.0
80.0
40.0
40.0
40.0
30.0
40.0
50.0
90.0
70.0
60.0
30.0
70.0
60.0
60.0
50.0
30.0
130.0
50.0
60.0
60.0
50.0
80.0
80.0
40.0
30.0
40.0
60.0
90.0
40.0
30.0
40.0
60.0
70.0
80.0
30.0
90.0
80.0
60.0
30.0
30.0
30.0
30.0
30.0
50.0
40.0
40.0
60.0
70.0
90.0
90.0
50.0
70.0
70.0
40.0
70.0
40.0
30.0
30.0
70.0
70.0
60.0
40.0
40.0
60.0
60.0
70.0
80.0
60.0
50.0
40.0
30.0
70.0
270.0
60.0
50.0
100.0
60.0
70.0
30.0
30.0
110.0
90.0
110.0
100.0
30.0
60.0
50.0
50.0
60.0
70.0
80.0
170.0
30.0
120.0
30.0
30.0
180.0
70.0
50.0
40.0
40.0
30.0
120.0
50.0
50.0
40.0
80.0
40.0
60.0
70.0
60.0
160.0
40.0
70.0
70.0
60.0
150.0
80.0
30.0
30.0
500.0
60.0
70.0
60.0
60.0
90.0
50.0
30.0
30.0
210.0
40.0
70.0
70.0
50.0
230.0
50.0
110.0
60.0
70.0
50.0
60.0
130.0
70.0
240.0
90.0
50.0
90.0
90.0
70.0
270.0
100.0
90.0
80.0
30.0
30.0
40.0
100.0
100.0
100.0
30.0
70.0
50.0
50.0
60.0
60.0
70.0
50.0
390.0
60.0
70.0
60.0
100.0
150.0
60.0
70.0
60.0
50.0
100.0
60.0
80.0
90.0
30.0
40.0
80.0
160.0
50.0
110.0
40.0
50.0
60.0
140.0
40.0
120.0
70.0
70.0
80.0
50.0
70.0
