90.0
70.0
60.0
40.0
100.0
30.0
140.0
30.0
180.0
130.0
50.0
180.0
80.0
60.0
50.0
50.0
130.0
50.0
90.0
60.0
60.0
90.0
70.0
110.0
30.0
210.0
170.0
70.0
90.0
60.0
30.0
90.0
100.0
50.0
110.0
100.0
80.0
420.0
510.0
80.0
80.0
50.0
140.0
40.0
60.0
140.0
120.0
120.0
120.0
120.0
100.0
150.0
150.0
60.0
80.0
40.0
90.0
70.0
70.0
100.0
120.0
110.0
50.0
30.0
170.0
140.0
110.0
40.0
150.0
50.0
80.0
80.0
30.0
430.0
110.0
90.0
130.0
240.0
90.0
60.0
80.0
60.0
130.0
70.0
100.0
30.0
40.0
130.0
570.0
120.0
50.0
150.0
340.0
140.0
240.0
100.0
70.0
60.0
120.0
40.0
110.0
80.0
60.0
50.0
240.0
110.0
420.0
120.0
90.0
110.0
30.0
110.0
80.0
170.0
150.0
30.0
70.0
40.0
100.0
100.0
30.0
30.0
70.0
30.0
160.0
30.0
70.0
80.0
70.0
30.0
110.0
30.0
60.0
70.0
80.0
40.0
170.0
40.0
40.0
60.0
60.0
210.0
90.0
30.0
60.0
90.0
60.0
110.0
70.0
130.0
50.0
170.0
30.0
90.0
30.0
70.0
100.0
60.0
50.0
60.0
90.0
70.0
130.0
50.0
60.0
60.0
110.0
30.0
90.0
60.0
60.0
80.0
70.0
110.0
90.0
80.0
160.0
70.0
80.0
90.0
200.0
130.0
40.0
70.0
60.0
90.0
150.0
90.0
90.0
70.0
80.0
100.0
80.0
100.0
