40.0
70.0
30.0
30.0
50.0
30.0
100.0
240.0
30.0
140.0
60.0
30.0
30.0
50.0
30.0
40.0
40.0
30.0
60.0
40.0
50.0
30.0
50.0
30.0
40.0
30.0
120.0
240.0
40.0
40.0
60.0
90.0
30.0
40.0
70.0
30.0
40.0
70.0
60.0
40.0
40.0
40.0
70.0
60.0
40.0
60.0
30.0
90.0
90.0
90.0
110.0
40.0
30.0
100.0
80.0
80.0
30.0
70.0
140.0
50.0
120.0
160.0
150.0
80.0
70.0
50.0
70.0
120.0
60.0
80.0
40.0
560.0
30.0
30.0
30.0
30.0
70.0
30.0
30.0
60.0
50.0
400.0
30.0
100.0
30.0
30.0
40.0
40.0
80.0
30.0
40.0
40.0
70.0
70.0
60.0
60.0
70.0
50.0
60.0
70.0
70.0
50.0
50.0
80.0
170.0
50.0
50.0
50.0
70.0
390.0
40.0
70.0
60.0
60.0
40.0
50.0
60.0
60.0
110.0
60.0
60.0
60.0
60.0
60.0
50.0
150.0
60.0
330.0
80.0
270.0
130.0
50.0
90.0
80.0
70.0
50.0
50.0
30.0
30.0
150.0
60.0
50.0
70.0
80.0
100.0
170.0
130.0
30.0
110.0
50.0
70.0
60.0
80.0
30.0
70.0
70.0
50.0
70.0
180.0
60.0
40.0
30.0
30.0
40.0
30.0
70.0
50.0
60.0
30.0
30.0
40.0
80.0
60.0
30.0
50.0
30.0
40.0
220.0
60.0
60.0
60.0
30.0
70.0
30.0
60.0
40.0
40.0
70.0
40.0
110.0
30.0
80.0
30.0
60.0
80.0
50.0
80.0
30.0
50.0
50.0
90.0
30.0
70.0
80.0
130.0
240.0
110.0
40.0
180.0
90.0
60.0
50.0
230.0
50.0
70.0
80.0
70.0
60.0
70.0
40.0
80.0
170.0
70.0
60.0
100.0
60.0
50.0
80.0
70.0
30.0
220.0
70.0
220.0
200.0
50.0
110.0
110.0
60.0
80.0
80.0
50.0
30.0
100.0
50.0
90.0
50.0
80.0
30.0
80.0
30.0
50.0
40.0
90.0
200.0
50.0
80.0
70.0
130.0
80.0
50.0
70.0
320.0
80.0
30.0
30.0
260.0
60.0
60.0
240.0
60.0
110.0
130.0
30.0
60.0
70.0
60.0
40.0
70.0
70.0
60.0
60.0
100.0
80.0
80.0
70.0
70.0
60.0
60.0
60.0
30.0
60.0
80.0
70.0
40.0
80.0
60.0
30.0
40.0
50.0
60.0
70.0
70.0
80.0
60.0
70.0
80.0
60.0
40.0
50.0
60.0
50.0
70.0
40.0
80.0
100.0
60.0
60.0
50.0
80.0
40.0
40.0
60.0
30.0
90.0
40.0
50.0
30.0
30.0
50.0
40.0
30.0
80.0
40.0
90.0
60.0
40.0
60.0
90.0
70.0
50.0
40.0
100.0
50.0
40.0
40.0
40.0
80.0
70.0
50.0
40.0
50.0
30.0
40.0
70.0
60.0
50.0
60.0
90.0
60.0
40.0
40.0
60.0
120.0
30.0
30.0
30.0
60.0
