160.0
1770.0
1000.0
210.0
700.0
110.0
150.0
260.0
580.0
390.0
80.0
160.0
490.0
30.0
200.0
470.0
1180.0
150.0
340.0
30.0
80.0
390.0
30.0
390.0
430.0
100.0
80.0
90.0
40.0
430.0
150.0
140.0
30.0
280.0
160.0
520.0
100.0
280.0
30.0
150.0
190.0
510.0
150.0
90.0
130.0
80.0
510.0
1410.0
180.0
50.0
360.0
160.0
50.0
160.0
50.0
130.0
280.0
50.0
530.0
110.0
200.0
60.0
650.0
50.0
420.0
370.0
160.0
130.0
80.0
150.0
240.0
200.0
50.0
170.0
40.0
30.0
40.0
100.0
170.0
30.0
120.0
140.0
30.0
650.0
30.0
280.0
30.0
40.0
70.0
40.0
450.0
380.0
130.0
290.0
50.0
140.0
140.0
30.0
30.0
150.0
30.0
50.0
290.0
240.0
100.0
120.0
110.0
30.0
30.0
240.0
140.0
530.0
600.0
140.0
80.0
110.0
150.0
120.0
270.0
110.0
30.0
330.0
50.0
140.0
320.0
70.0
180.0
110.0
30.0
110.0
70.0
40.0
180.0
490.0
190.0
30.0
60.0
440.0
120.0
70.0
90.0
100.0
110.0
350.0
750.0
390.0
340.0
80.0
320.0
140.0
80.0
30.0
690.0
420.0
290.0
60.0
50.0
30.0
30.0
60.0
110.0
170.0
50.0
60.0
40.0
50.0
290.0
810.0
1690.0
110.0
210.0
80.0
140.0
210.0
80.0
260.0
250.0
190.0
140.0
160.0
130.0
400.0
320.0
40.0
310.0
430.0
660.0
1560.0
200.0
360.0
130.0
200.0
170.0
30.0
30.0
1020.0
140.0
990.0
300.0
40.0
90.0
200.0
30.0
120.0
60.0
990.0
180.0
700.0
70.0
340.0
190.0
190.0
30.0
700.0
280.0
290.0
230.0
120.0
40.0
150.0
200.0
290.0
40.0
90.0
210.0
30.0
30.0
220.0
170.0
490.0
120.0
170.0
750.0
570.0
40.0
30.0
190.0
530.0
630.0
30.0
180.0
380.0
240.0
30.0
60.0
290.0
220.0
170.0
90.0
250.0
210.0
100.0
160.0
30.0
180.0
180.0
40.0
30.0
30.0
470.0
240.0
240.0
210.0
180.0
180.0
130.0
200.0
220.0
30.0
130.0
190.0
140.0
160.0
250.0
170.0
100.0
130.0
160.0
120.0
180.0
50.0
230.0
30.0
40.0
480.0
150.0
70.0
240.0
170.0
280.0
140.0
140.0
170.0
50.0
180.0
200.0
400.0
190.0
190.0
140.0
190.0
180.0
220.0
200.0
380.0
140.0
130.0
30.0
150.0
140.0
600.0
210.0
40.0
30.0
180.0
290.0
180.0
720.0
180.0
210.0
150.0
360.0
470.0
570.0
300.0
120.0
310.0
160.0
300.0
40.0
120.0
120.0
230.0
470.0
30.0
120.0
40.0
120.0
170.0
70.0
80.0
30.0
450.0
500.0
60.0
30.0
240.0
150.0
240.0
30.0
230.0
230.0
30.0
140.0
170.0
410.0
40.0
180.0
130.0
110.0
210.0
110.0
40.0
450.0
130.0
170.0
130.0
80.0
160.0
110.0
330.0
230.0
30.0
110.0
120.0
190.0
130.0
150.0
130.0
190.0
420.0
40.0
90.0
90.0
220.0
40.0
80.0
240.0
150.0
30.0
120.0
510.0
120.0
210.0
290.0
30.0
50.0
240.0
30.0
220.0
160.0
180.0
230.0
80.0
140.0
50.0
160.0
170.0
160.0
150.0
110.0
250.0
170.0
620.0
220.0
130.0
200.0
30.0
170.0
110.0
30.0
50.0
140.0
50.0
150.0
200.0
140.0
110.0
40.0
70.0
260.0
140.0
200.0
370.0
170.0
120.0
150.0
110.0
850.0
70.0
80.0
270.0
2710.0
550.0
580.0
290.0
230.0
170.0
140.0
250.0
160.0
80.0
30.0
80.0
380.0
30.0
140.0
180.0
120.0
490.0
190.0
170.0
280.0
40.0
70.0
160.0
180.0
170.0
130.0
140.0
190.0
80.0
430.0
30.0
30.0
30.0
110.0
230.0
30.0
590.0
30.0
30.0
210.0
410.0
40.0
200.0
310.0
200.0
370.0
30.0
70.0
450.0
240.0
150.0
130.0
30.0
30.0
400.0
180.0
30.0
70.0
80.0
210.0
150.0
120.0
180.0
530.0
850.0
150.0
220.0
70.0
180.0
170.0
270.0
40.0
350.0
340.0
30.0
60.0
160.0
160.0
350.0
240.0
110.0
80.0
210.0
290.0
210.0
220.0
180.0
70.0
180.0
130.0
50.0
30.0
250.0
180.0
230.0
160.0
360.0
90.0
30.0
180.0
440.0
170.0
180.0
200.0
320.0
80.0
30.0
450.0
480.0
730.0
360.0
590.0
30.0
30.0
230.0
30.0
120.0
250.0
30.0
90.0
70.0
180.0
170.0
80.0
150.0
480.0
190.0
430.0
220.0
90.0
130.0
150.0
250.0
110.0
130.0
330.0
30.0
240.0
210.0
90.0
1070.0
90.0
110.0
250.0
160.0
310.0
70.0
40.0
200.0
420.0
110.0
190.0
290.0
90.0
120.0
40.0
170.0
170.0
760.0
720.0
120.0
420.0
150.0
140.0
150.0
150.0
560.0
270.0
30.0
90.0
250.0
120.0
140.0
30.0
100.0
230.0
670.0
630.0
640.0
520.0
730.0
120.0
80.0
120.0
40.0
140.0
70.0
210.0
360.0
420.0
130.0
390.0
70.0
150.0
210.0
100.0
130.0
30.0
90.0
30.0
210.0
130.0
360.0
690.0
30.0
300.0
90.0
900.0
180.0
230.0
200.0
130.0
330.0
30.0
550.0
110.0
150.0
410.0
30.0
160.0
140.0
130.0
30.0
150.0
30.0
70.0
80.0
230.0
470.0
220.0
470.0
40.0
200.0
140.0
30.0
170.0
100.0
510.0
610.0
200.0
210.0
250.0
130.0
180.0
30.0
30.0
320.0
310.0
30.0
350.0
460.0
100.0
460.0
100.0
140.0
160.0
130.0
1860.0
230.0
50.0
140.0
170.0
410.0
190.0
150.0
120.0
130.0
160.0
160.0
70.0
140.0
160.0
150.0
30.0
130.0
520.0
30.0
440.0
220.0
170.0
160.0
220.0
340.0
40.0
100.0
250.0
80.0
170.0
130.0
210.0
620.0
150.0
120.0
220.0
70.0
360.0
210.0
170.0
220.0
210.0
90.0
50.0
200.0
120.0
100.0
240.0
170.0
30.0
240.0
190.0
140.0
100.0
140.0
40.0
130.0
280.0
310.0
150.0
80.0
140.0
1020.0
390.0
280.0
150.0
120.0
420.0
350.0
160.0
110.0
330.0
140.0
260.0
120.0
440.0
190.0
310.0
120.0
150.0
160.0
160.0
130.0
170.0
170.0
180.0
150.0
140.0
220.0
60.0
130.0
260.0
180.0
430.0
220.0
220.0
170.0
80.0
170.0
170.0
220.0
60.0
70.0
150.0
100.0
180.0
100.0
430.0
240.0
120.0
60.0
1070.0
270.0
140.0
1090.0
200.0
70.0
140.0
180.0
160.0
220.0
490.0
100.0
140.0
950.0
160.0
190.0
200.0
1260.0
300.0
200.0
220.0
200.0
180.0
230.0
30.0
30.0
200.0
40.0
820.0
30.0
30.0
650.0
200.0
1930.0
160.0
310.0
140.0
200.0
100.0
740.0
90.0
150.0
100.0
230.0
190.0
170.0
30.0
80.0
110.0
70.0
160.0
310.0
140.0
1130.0
90.0
380.0
30.0
150.0
30.0
240.0
1540.0
310.0
40.0
300.0
140.0
200.0
30.0
160.0
140.0
160.0
60.0
480.0
180.0
320.0
310.0
250.0
1020.0
200.0
50.0
200.0
30.0
90.0
180.0
270.0
230.0
720.0
120.0
180.0
630.0
40.0
190.0
800.0
180.0
30.0
160.0
320.0
70.0
30.0
180.0
150.0
110.0
50.0
110.0
250.0
40.0
30.0
130.0
470.0
50.0
240.0
600.0
160.0
690.0
30.0
170.0
30.0
190.0
100.0
70.0
30.0
120.0
30.0
30.0
110.0
550.0
330.0
50.0
140.0
70.0
70.0
130.0
80.0
90.0
40.0
470.0
1380.0
250.0
380.0
650.0
180.0
200.0
510.0
130.0
170.0
330.0
220.0
1080.0
30.0
180.0
630.0
90.0
120.0
170.0
150.0
850.0
190.0
240.0
480.0
230.0
130.0
140.0
40.0
130.0
410.0
860.0
30.0
130.0
30.0
30.0
430.0
210.0
40.0
30.0
160.0
30.0
200.0
30.0
160.0
50.0
1290.0
150.0
180.0
1170.0
160.0
40.0
160.0
80.0
70.0
350.0
70.0
30.0
160.0
720.0
600.0
430.0
120.0
180.0
200.0
570.0
380.0
160.0
1170.0
30.0
30.0
690.0
40.0
150.0
260.0
30.0
30.0
120.0
330.0
30.0
60.0
180.0
210.0
150.0
670.0
30.0
220.0
210.0
220.0
90.0
550.0
170.0
240.0
30.0
190.0
460.0
80.0
140.0
180.0
130.0
220.0
130.0
330.0
30.0
140.0
950.0
150.0
190.0
70.0
400.0
170.0
170.0
390.0
180.0
120.0
130.0
220.0
180.0
210.0
370.0
190.0
70.0
270.0
230.0
280.0
130.0
120.0
990.0
110.0
100.0
250.0
180.0
130.0
250.0
60.0
170.0
960.0
100.0
70.0
260.0
30.0
70.0
240.0
180.0
190.0
1080.0
30.0
180.0
170.0
30.0
140.0
240.0
110.0
180.0
130.0
170.0
170.0
270.0
190.0
120.0
70.0
280.0
120.0
190.0
290.0
30.0
920.0
190.0
130.0
30.0
30.0
180.0
260.0
190.0
230.0
30.0
120.0
140.0
170.0
190.0
220.0
160.0
130.0
250.0
290.0
200.0
150.0
140.0
250.0
370.0
140.0
110.0
50.0
170.0
260.0
170.0
210.0
170.0
520.0
120.0
260.0
60.0
170.0
460.0
280.0
80.0
50.0
1260.0
170.0
200.0
990.0
70.0
420.0
30.0
1120.0
50.0
160.0
130.0
710.0
200.0
210.0
160.0
140.0
380.0
130.0
150.0
1000.0
690.0
130.0
250.0
680.0
120.0
100.0
150.0
190.0
190.0
90.0
1140.0
80.0
140.0
30.0
870.0
120.0
160.0
850.0
540.0
160.0
30.0
330.0
570.0
160.0
140.0
250.0
130.0
250.0
680.0
180.0
170.0
520.0
460.0
100.0
110.0
160.0
1020.0
30.0
50.0
70.0
460.0
200.0
60.0
140.0
120.0
260.0
170.0
30.0
590.0
30.0
130.0
130.0
220.0
170.0
30.0
110.0
1110.0
30.0
60.0
1780.0
90.0
320.0
170.0
240.0
480.0
30.0
150.0
160.0
30.0
170.0
40.0
50.0
120.0
220.0
440.0
170.0
260.0
190.0
130.0
550.0
240.0
970.0
380.0
140.0
160.0
100.0
130.0
720.0
30.0
300.0
120.0
270.0
90.0
170.0
110.0
170.0
160.0
280.0
140.0
280.0
220.0
200.0
830.0
300.0
30.0
50.0
750.0
220.0
220.0
140.0
130.0
90.0
30.0
220.0
80.0
110.0
190.0
190.0
820.0
580.0
190.0
530.0
2660.0
920.0
660.0
30.0
220.0
220.0
780.0
320.0
170.0
150.0
610.0
370.0
30.0
150.0
240.0
90.0
500.0
110.0
130.0
420.0
30.0
310.0
190.0
340.0
170.0
170.0
100.0
220.0
110.0
80.0
220.0
220.0
30.0
830.0
240.0
50.0
210.0
50.0
190.0
30.0
110.0
270.0
30.0
50.0
30.0
120.0
30.0
310.0
430.0
30.0
30.0
120.0
170.0
160.0
170.0
130.0
630.0
210.0
400.0
140.0
190.0
510.0
750.0
230.0
560.0
180.0
30.0
360.0
40.0
2300.0
120.0
30.0
200.0
330.0
140.0
240.0
70.0
200.0
1240.0
180.0
770.0
390.0
30.0
160.0
1100.0
370.0
740.0
180.0
30.0
480.0
310.0
190.0
200.0
240.0
80.0
220.0
120.0
150.0
70.0
340.0
300.0
380.0
800.0
30.0
220.0
160.0
30.0
170.0
160.0
30.0
250.0
640.0
800.0
240.0
40.0
160.0
40.0
60.0
810.0
430.0
280.0
920.0
770.0
40.0
130.0
240.0
620.0
60.0
430.0
720.0
130.0
770.0
70.0
90.0
420.0
130.0
340.0
130.0
180.0
210.0
150.0
30.0
100.0
700.0
500.0
210.0
650.0
30.0
160.0
520.0
90.0
190.0
610.0
120.0
370.0
60.0
160.0
160.0
420.0
60.0
190.0
150.0
420.0
30.0
270.0
180.0
140.0
150.0
160.0
40.0
140.0
410.0
290.0
40.0
180.0
180.0
480.0
30.0
150.0
210.0
110.0
630.0
150.0
910.0
530.0
110.0
830.0
190.0
330.0
910.0
230.0
180.0
740.0
320.0
310.0
370.0
390.0
30.0
330.0
100.0
1280.0
920.0
380.0
1420.0
430.0
30.0
240.0
570.0
780.0
80.0
260.0
120.0
170.0
70.0
170.0
50.0
530.0
270.0
80.0
110.0
180.0
190.0
40.0
250.0
320.0
150.0
130.0
830.0
270.0
190.0
660.0
260.0
30.0
30.0
130.0
160.0
130.0
150.0
260.0
160.0
480.0
170.0
40.0
300.0
70.0
180.0
60.0
260.0
120.0
170.0
80.0
220.0
40.0
650.0
40.0
1460.0
1280.0
330.0
400.0
220.0
1380.0
220.0
280.0
820.0
600.0
260.0
150.0
210.0
950.0
100.0
310.0
160.0
330.0
440.0
1060.0
90.0
200.0
110.0
50.0
220.0
660.0
110.0
60.0
110.0
140.0
170.0
340.0
70.0
40.0
90.0
130.0
160.0
30.0
30.0
170.0
180.0
60.0
1040.0
30.0
110.0
150.0
240.0
60.0
120.0
220.0
90.0
60.0
190.0
230.0
80.0
160.0
1310.0
80.0
30.0
30.0
180.0
450.0
1440.0
500.0
110.0
150.0
30.0
270.0
2290.0
1070.0
120.0
70.0
920.0
200.0
250.0
30.0
80.0
150.0
60.0
240.0
120.0
90.0
220.0
230.0
60.0
150.0
320.0
590.0
120.0
200.0
360.0
100.0
150.0
140.0
120.0
140.0
580.0
200.0
120.0
110.0
210.0
30.0
160.0
130.0
130.0
230.0
350.0
110.0
110.0
170.0
170.0
150.0
140.0
140.0
140.0
220.0
180.0
190.0
780.0
130.0
240.0
230.0
100.0
120.0
120.0
100.0
170.0
160.0
30.0
450.0
110.0
440.0
120.0
90.0
170.0
220.0
160.0
150.0
140.0
150.0
310.0
110.0
260.0
180.0
130.0
100.0
60.0
160.0
110.0
120.0
100.0
140.0
140.0
140.0
110.0
380.0
110.0
80.0
110.0
90.0
30.0
190.0
170.0
40.0
30.0
590.0
200.0
120.0
230.0
100.0
80.0
110.0
110.0
110.0
160.0
80.0
100.0
120.0
30.0
180.0
110.0
70.0
160.0
130.0
210.0
160.0
220.0
380.0
100.0
130.0
90.0
140.0
190.0
130.0
130.0
120.0
120.0
270.0
250.0
180.0
100.0
130.0
130.0
130.0
130.0
550.0
70.0
30.0
230.0
270.0
180.0
240.0
150.0
190.0
150.0
180.0
120.0
30.0
270.0
140.0
110.0
70.0
190.0
50.0
320.0
140.0
140.0
270.0
160.0
80.0
160.0
160.0
190.0
430.0
30.0
340.0
140.0
200.0
410.0
110.0
220.0
80.0
140.0
1460.0
410.0
100.0
350.0
360.0
130.0
280.0
250.0
130.0
40.0
190.0
260.0
560.0
540.0
330.0
230.0
180.0
410.0
440.0
320.0
610.0
160.0
390.0
170.0
180.0
690.0
140.0
560.0
260.0
210.0
560.0
230.0
330.0
160.0
410.0
1090.0
190.0
580.0
240.0
200.0
340.0
380.0
210.0
440.0
390.0
430.0
110.0
270.0
140.0
200.0
200.0
470.0
2220.0
260.0
450.0
50.0
490.0
290.0
440.0
440.0
210.0
320.0
120.0
230.0
120.0
250.0
570.0
180.0
200.0
230.0
1250.0
280.0
210.0
30.0
350.0
540.0
220.0
140.0
190.0
320.0
380.0
130.0
230.0
360.0
150.0
180.0
90.0
40.0
130.0
170.0
80.0
110.0
30.0
190.0
200.0
590.0
700.0
1050.0
240.0
420.0
310.0
240.0
170.0
200.0
400.0
1550.0
170.0
180.0
170.0
190.0
170.0
300.0
540.0
420.0
170.0
400.0
80.0
230.0
380.0
900.0
1350.0
1330.0
210.0
280.0
30.0
370.0
460.0
100.0
30.0
2450.0
380.0
220.0
910.0
270.0
250.0
440.0
370.0
2510.0
220.0
170.0
210.0
460.0
150.0
440.0
30.0
450.0
480.0
410.0
260.0
390.0
500.0
170.0
520.0
1080.0
2200.0
110.0
780.0
130.0
270.0
200.0
310.0
310.0
1160.0
230.0
240.0
190.0
120.0
200.0
360.0
180.0
600.0
160.0
200.0
310.0
160.0
220.0
380.0
270.0
140.0
420.0
210.0
330.0
220.0
200.0
200.0
160.0
250.0
450.0
30.0
310.0
150.0
230.0
210.0
70.0
200.0
260.0
210.0
400.0
50.0
60.0
50.0
130.0
220.0
210.0
240.0
740.0
240.0
230.0
120.0
190.0
450.0
170.0
230.0
190.0
240.0
550.0
200.0
230.0
130.0
180.0
200.0
320.0
380.0
210.0
220.0
410.0
1270.0
170.0
210.0
160.0
210.0
390.0
650.0
