60.0
30.0
60.0
30.0
280.0
50.0
140.0
30.0
30.0
30.0
80.0
40.0
50.0
30.0
30.0
560.0
80.0
60.0
30.0
30.0
80.0
60.0
30.0
80.0
30.0
30.0
30.0
40.0
60.0
50.0
30.0
30.0
60.0
30.0
90.0
80.0
40.0
30.0
40.0
30.0
80.0
30.0
30.0
30.0
30.0
40.0
150.0
80.0
30.0
30.0
30.0
30.0
30.0
140.0
70.0
30.0
30.0
30.0
100.0
40.0
30.0
30.0
80.0
70.0
40.0
30.0
130.0
30.0
200.0
60.0
30.0
30.0
60.0
100.0
70.0
60.0
30.0
30.0
30.0
50.0
30.0
80.0
30.0
70.0
50.0
30.0
70.0
30.0
30.0
80.0
70.0
50.0
30.0
30.0
90.0
30.0
30.0
30.0
110.0
30.0
30.0
30.0
70.0
30.0
30.0
70.0
30.0
30.0
50.0
40.0
30.0
30.0
70.0
100.0
50.0
30.0
60.0
70.0
80.0
30.0
90.0
130.0
40.0
120.0
90.0
70.0
120.0
30.0
50.0
50.0
30.0
30.0
30.0
110.0
30.0
610.0
30.0
50.0
130.0
80.0
30.0
70.0
90.0
100.0
90.0
90.0
100.0
110.0
60.0
100.0
100.0
110.0
70.0
80.0
30.0
50.0
30.0
70.0
50.0
90.0
80.0
80.0
30.0
30.0
70.0
60.0
70.0
50.0
90.0
50.0
30.0
80.0
60.0
30.0
80.0
30.0
30.0
30.0
30.0
30.0
30.0
50.0
140.0
30.0
30.0
30.0
30.0
30.0
60.0
30.0
60.0
60.0
110.0
30.0
90.0
60.0
430.0
60.0
30.0
30.0
110.0
30.0
70.0
30.0
120.0
30.0
60.0
50.0
100.0
30.0
110.0
30.0
120.0
90.0
30.0
70.0
30.0
40.0
80.0
30.0
30.0
140.0
140.0
30.0
30.0
30.0
30.0
30.0
70.0
120.0
90.0
30.0
90.0
30.0
50.0
30.0
80.0
60.0
60.0
30.0
30.0
60.0
80.0
30.0
110.0
40.0
80.0
30.0
80.0
90.0
60.0
50.0
60.0
230.0
70.0
80.0
30.0
30.0
30.0
30.0
80.0
70.0
60.0
270.0
30.0
80.0
70.0
30.0
30.0
30.0
50.0
60.0
60.0
40.0
70.0
90.0
30.0
250.0
60.0
90.0
40.0
80.0
30.0
70.0
80.0
100.0
30.0
50.0
60.0
60.0
70.0
30.0
70.0
30.0
230.0
30.0
30.0
110.0
100.0
30.0
70.0
50.0
140.0
170.0
60.0
80.0
100.0
70.0
30.0
330.0
90.0
70.0
40.0
70.0
100.0
60.0
60.0
120.0
50.0
120.0
150.0
70.0
60.0
70.0
100.0
150.0
70.0
40.0
150.0
90.0
80.0
30.0
80.0
40.0
30.0
80.0
240.0
70.0
90.0
90.0
120.0
70.0
40.0
100.0
70.0
90.0
100.0
170.0
50.0
110.0
80.0
30.0
50.0
40.0
120.0
90.0
70.0
60.0
70.0
70.0
150.0
90.0
50.0
30.0
100.0
110.0
80.0
80.0
90.0
50.0
90.0
100.0
60.0
40.0
50.0
110.0
90.0
50.0
60.0
80.0
80.0
70.0
30.0
70.0
90.0
30.0
60.0
70.0
70.0
90.0
30.0
150.0
110.0
50.0
110.0
80.0
50.0
60.0
50.0
130.0
30.0
130.0
90.0
50.0
50.0
260.0
90.0
90.0
80.0
60.0
80.0
160.0
50.0
50.0
30.0
40.0
80.0
30.0
60.0
50.0
40.0
40.0
40.0
30.0
50.0
50.0
40.0
40.0
70.0
110.0
40.0
30.0
60.0
110.0
40.0
90.0
40.0
30.0
40.0
30.0
60.0
40.0
60.0
70.0
70.0
40.0
30.0
80.0
40.0
40.0
60.0
30.0
80.0
50.0
60.0
40.0
60.0
60.0
40.0
50.0
50.0
40.0
60.0
30.0
30.0
60.0
30.0
50.0
80.0
50.0
120.0
40.0
50.0
60.0
30.0
60.0
40.0
60.0
50.0
80.0
60.0
30.0
30.0
60.0
30.0
40.0
70.0
70.0
90.0
30.0
60.0
30.0
40.0
70.0
40.0
50.0
60.0
40.0
30.0
60.0
40.0
40.0
30.0
40.0
30.0
30.0
80.0
30.0
40.0
30.0
40.0
70.0
30.0
50.0
30.0
40.0
30.0
40.0
70.0
30.0
30.0
50.0
80.0
50.0
50.0
90.0
40.0
70.0
30.0
30.0
50.0
40.0
40.0
40.0
30.0
40.0
60.0
40.0
50.0
30.0
40.0
80.0
30.0
30.0
30.0
30.0
30.0
40.0
30.0
50.0
30.0
50.0
50.0
80.0
30.0
40.0
30.0
40.0
30.0
30.0
40.0
30.0
30.0
30.0
30.0
30.0
40.0
70.0
50.0
70.0
30.0
40.0
50.0
30.0
40.0
40.0
50.0
40.0
50.0
40.0
60.0
40.0
30.0
40.0
50.0
100.0
30.0
50.0
40.0
90.0
30.0
30.0
90.0
30.0
40.0
60.0
90.0
60.0
80.0
30.0
50.0
80.0
50.0
70.0
60.0
60.0
50.0
70.0
70.0
60.0
60.0
60.0
150.0
50.0
50.0
40.0
70.0
80.0
60.0
70.0
80.0
30.0
80.0
30.0
70.0
70.0
60.0
70.0
70.0
70.0
50.0
80.0
70.0
30.0
70.0
110.0
70.0
110.0
90.0
60.0
40.0
70.0
50.0
60.0
90.0
70.0
60.0
50.0
80.0
50.0
60.0
50.0
60.0
60.0
60.0
120.0
40.0
80.0
60.0
60.0
80.0
60.0
60.0
140.0
50.0
60.0
90.0
50.0
100.0
70.0
50.0
80.0
70.0
30.0
70.0
110.0
70.0
60.0
50.0
70.0
