110.0
40.0
100.0
30.0
110.0
30.0
140.0
70.0
100.0
90.0
90.0
80.0
80.0
310.0
80.0
50.0
90.0
80.0
90.0
100.0
30.0
30.0
120.0
110.0
140.0
100.0
130.0
60.0
70.0
60.0
30.0
100.0
100.0
80.0
30.0
30.0
30.0
80.0
30.0
90.0
30.0
30.0
30.0
40.0
60.0
80.0
30.0
80.0
90.0
110.0
90.0
30.0
40.0
30.0
30.0
100.0
180.0
70.0
180.0
140.0
280.0
130.0
90.0
90.0
130.0
90.0
170.0
130.0
50.0
100.0
70.0
140.0
170.0
140.0
90.0
100.0
100.0
90.0
90.0
90.0
110.0
130.0
130.0
50.0
100.0
110.0
30.0
40.0
60.0
80.0
60.0
50.0
40.0
100.0
80.0
120.0
80.0
100.0
130.0
100.0
100.0
100.0
130.0
100.0
140.0
90.0
120.0
90.0
90.0
110.0
30.0
80.0
80.0
90.0
90.0
100.0
90.0
100.0
120.0
70.0
130.0
130.0
80.0
110.0
80.0
60.0
330.0
130.0
110.0
120.0
80.0
110.0
30.0
30.0
80.0
100.0
90.0
120.0
90.0
100.0
100.0
110.0
100.0
130.0
120.0
100.0
100.0
150.0
110.0
110.0
130.0
90.0
120.0
110.0
100.0
100.0
90.0
100.0
130.0
90.0
90.0
110.0
90.0
90.0
100.0
110.0
100.0
70.0
30.0
90.0
110.0
130.0
70.0
130.0
170.0
120.0
90.0
80.0
110.0
70.0
90.0
100.0
100.0
90.0
90.0
160.0
70.0
110.0
90.0
140.0
100.0
30.0
130.0
110.0
90.0
120.0
110.0
90.0
90.0
90.0
90.0
90.0
90.0
120.0
110.0
90.0
130.0
120.0
120.0
110.0
120.0
90.0
30.0
90.0
80.0
110.0
130.0
90.0
30.0
100.0
150.0
100.0
50.0
100.0
70.0
100.0
70.0
70.0
110.0
110.0
90.0
90.0
70.0
120.0
80.0
100.0
110.0
110.0
130.0
90.0
80.0
100.0
110.0
