90.0
60.0
190.0
60.0
280.0
110.0
50.0
30.0
630.0
30.0
50.0
30.0
90.0
30.0
70.0
30.0
40.0
30.0
80.0
30.0
50.0
420.0
30.0
30.0
50.0
30.0
110.0
80.0
270.0
30.0
30.0
130.0
80.0
60.0
40.0
180.0
50.0
70.0
70.0
30.0
170.0
40.0
60.0
30.0
30.0
110.0
40.0
100.0
30.0
30.0
60.0
60.0
80.0
30.0
50.0
30.0
40.0
30.0
30.0
30.0
30.0
30.0
90.0
130.0
30.0
130.0
650.0
80.0
130.0
60.0
40.0
30.0
80.0
80.0
50.0
90.0
60.0
60.0
50.0
60.0
30.0
30.0
60.0
80.0
30.0
30.0
30.0
90.0
60.0
70.0
100.0
150.0
60.0
100.0
50.0
80.0
40.0
90.0
60.0
60.0
80.0
40.0
40.0
80.0
40.0
70.0
40.0
40.0
30.0
60.0
70.0
40.0
60.0
70.0
630.0
120.0
90.0
70.0
220.0
60.0
470.0
80.0
50.0
240.0
70.0
80.0
110.0
90.0
80.0
250.0
110.0
70.0
160.0
30.0
80.0
90.0
60.0
30.0
120.0
80.0
110.0
80.0
70.0
150.0
30.0
60.0
70.0
190.0
50.0
100.0
390.0
80.0
30.0
40.0
80.0
40.0
40.0
30.0
40.0
80.0
30.0
40.0
30.0
40.0
30.0
30.0
60.0
40.0
40.0
30.0
30.0
40.0
140.0
80.0
30.0
80.0
30.0
30.0
30.0
30.0
70.0
60.0
70.0
60.0
30.0
40.0
50.0
30.0
50.0
330.0
30.0
50.0
60.0
40.0
140.0
60.0
30.0
80.0
40.0
40.0
120.0
80.0
40.0
140.0
100.0
180.0
80.0
30.0
60.0
60.0
80.0
40.0
70.0
60.0
80.0
30.0
30.0
80.0
50.0
50.0
120.0
50.0
50.0
30.0
140.0
80.0
30.0
30.0
70.0
40.0
40.0
60.0
50.0
60.0
60.0
40.0
50.0
70.0
60.0
40.0
100.0
230.0
60.0
70.0
80.0
30.0
90.0
40.0
100.0
90.0
60.0
80.0
80.0
140.0
50.0
60.0
60.0
50.0
60.0
30.0
50.0
100.0
50.0
40.0
80.0
100.0
30.0
30.0
110.0
80.0
100.0
80.0
50.0
50.0
50.0
70.0
90.0
100.0
50.0
30.0
40.0
420.0
110.0
100.0
80.0
30.0
120.0
100.0
110.0
310.0
100.0
40.0
300.0
40.0
70.0
90.0
100.0
50.0
40.0
70.0
90.0
40.0
100.0
60.0
260.0
90.0
70.0
60.0
60.0
110.0
40.0
90.0
100.0
60.0
130.0
50.0
130.0
90.0
30.0
80.0
30.0
50.0
290.0
30.0
60.0
60.0
40.0
100.0
50.0
70.0
40.0
100.0
80.0
160.0
40.0
80.0
30.0
70.0
70.0
40.0
70.0
40.0
30.0
40.0
30.0
30.0
60.0
40.0
60.0
50.0
40.0
30.0
40.0
30.0
50.0
50.0
30.0
40.0
50.0
60.0
50.0
30.0
90.0
40.0
70.0
30.0
40.0
80.0
50.0
70.0
80.0
190.0
50.0
30.0
40.0
60.0
40.0
60.0
50.0
70.0
40.0
70.0
60.0
70.0
60.0
50.0
90.0
60.0
40.0
400.0
130.0
100.0
40.0
30.0
50.0
40.0
50.0
40.0
150.0
50.0
30.0
40.0
70.0
30.0
40.0
130.0
40.0
30.0
40.0
110.0
50.0
90.0
30.0
100.0
90.0
30.0
60.0
30.0
30.0
40.0
30.0
60.0
40.0
90.0
70.0
40.0
60.0
60.0
30.0
50.0
50.0
70.0
90.0
40.0
60.0
50.0
40.0
30.0
40.0
50.0
70.0
80.0
40.0
40.0
30.0
60.0
70.0
60.0
40.0
40.0
50.0
50.0
40.0
50.0
50.0
50.0
240.0
90.0
70.0
60.0
180.0
130.0
60.0
70.0
50.0
70.0
80.0
140.0
80.0
130.0
60.0
30.0
120.0
30.0
60.0
60.0
190.0
60.0
50.0
70.0
230.0
30.0
40.0
80.0
40.0
100.0
160.0
150.0
50.0
90.0
150.0
30.0
110.0
30.0
50.0
50.0
60.0
50.0
100.0
50.0
40.0
60.0
90.0
180.0
40.0
120.0
200.0
30.0
140.0
100.0
300.0
250.0
40.0
50.0
90.0
170.0
40.0
50.0
60.0
110.0
50.0
90.0
30.0
60.0
40.0
120.0
50.0
90.0
70.0
40.0
