40.0
190.0
30.0
60.0
60.0
40.0
30.0
90.0
40.0
110.0
170.0
30.0
70.0
60.0
30.0
70.0
50.0
30.0
70.0
40.0
30.0
230.0
50.0
30.0
50.0
90.0
90.0
70.0
80.0
30.0
30.0
50.0
60.0
70.0
30.0
30.0
50.0
70.0
30.0
30.0
40.0
40.0
210.0
30.0
50.0
50.0
50.0
60.0
120.0
100.0
230.0
130.0
30.0
160.0
610.0
50.0
30.0
100.0
70.0
30.0
80.0
130.0
70.0
70.0
40.0
40.0
70.0
30.0
30.0
60.0
70.0
100.0
60.0
100.0
90.0
90.0
80.0
190.0
120.0
230.0
270.0
90.0
70.0
150.0
60.0
90.0
70.0
100.0
110.0
100.0
40.0
70.0
70.0
80.0
130.0
130.0
30.0
40.0
40.0
30.0
320.0
110.0
80.0
80.0
90.0
160.0
130.0
100.0
90.0
80.0
100.0
50.0
70.0
80.0
360.0
70.0
40.0
30.0
70.0
40.0
100.0
90.0
120.0
70.0
70.0
40.0
40.0
60.0
60.0
30.0
40.0
70.0
30.0
70.0
80.0
110.0
30.0
30.0
60.0
30.0
60.0
60.0
100.0
30.0
30.0
70.0
70.0
60.0
30.0
100.0
30.0
90.0
30.0
140.0
70.0
30.0
30.0
30.0
40.0
280.0
90.0
50.0
70.0
80.0
130.0
30.0
60.0
30.0
110.0
140.0
30.0
80.0
80.0
130.0
120.0
80.0
70.0
110.0
100.0
110.0
140.0
60.0
100.0
70.0
50.0
70.0
160.0
190.0
80.0
70.0
30.0
70.0
180.0
90.0
110.0
90.0
80.0
80.0
210.0
60.0
80.0
150.0
160.0
210.0
70.0
30.0
240.0
50.0
120.0
150.0
90.0
160.0
50.0
50.0
140.0
60.0
220.0
120.0
130.0
40.0
80.0
50.0
230.0
60.0
90.0
90.0
70.0
100.0
70.0
60.0
170.0
90.0
30.0
80.0
30.0
150.0
50.0
50.0
30.0
50.0
40.0
30.0
60.0
60.0
90.0
90.0
110.0
60.0
30.0
50.0
70.0
40.0
50.0
60.0
40.0
60.0
60.0
190.0
90.0
50.0
140.0
170.0
60.0
30.0
130.0
70.0
130.0
30.0
30.0
30.0
50.0
50.0
60.0
70.0
50.0
70.0
70.0
30.0
70.0
50.0
60.0
80.0
260.0
70.0
50.0
60.0
60.0
60.0
60.0
70.0
30.0
80.0
140.0
70.0
500.0
60.0
80.0
80.0
70.0
260.0
180.0
160.0
90.0
110.0
80.0
160.0
90.0
30.0
70.0
130.0
90.0
100.0
40.0
30.0
210.0
80.0
60.0
30.0
80.0
30.0
100.0
50.0
160.0
