70.0
30.0
80.0
70.0
80.0
220.0
70.0
30.0
80.0
140.0
140.0
120.0
50.0
30.0
60.0
100.0
160.0
50.0
40.0
60.0
50.0
80.0
90.0
110.0
160.0
60.0
30.0
50.0
30.0
40.0
210.0
100.0
60.0
120.0
30.0
90.0
110.0
90.0
100.0
40.0
50.0
100.0
90.0
90.0
40.0
80.0
120.0
110.0
70.0
30.0
30.0
40.0
30.0
40.0
520.0
70.0
80.0
50.0
30.0
40.0
130.0
30.0
80.0
70.0
50.0
50.0
90.0
190.0
40.0
110.0
130.0
40.0
100.0
130.0
90.0
30.0
30.0
30.0
30.0
50.0
30.0
50.0
30.0
80.0
120.0
110.0
120.0
40.0
80.0
120.0
80.0
100.0
40.0
160.0
40.0
100.0
100.0
120.0
70.0
100.0
30.0
80.0
100.0
50.0
160.0
120.0
170.0
140.0
140.0
100.0
90.0
130.0
150.0
120.0
140.0
190.0
150.0
160.0
100.0
130.0
100.0
110.0
110.0
90.0
150.0
130.0
70.0
130.0
140.0
150.0
110.0
170.0
110.0
110.0
120.0
130.0
130.0
80.0
130.0
130.0
80.0
110.0
160.0
120.0
120.0
110.0
130.0
230.0
130.0
70.0
140.0
110.0
120.0
140.0
90.0
130.0
50.0
130.0
130.0
110.0
40.0
60.0
170.0
100.0
100.0
100.0
50.0
160.0
120.0
170.0
90.0
150.0
70.0
80.0
120.0
110.0
40.0
140.0
30.0
70.0
40.0
80.0
130.0
130.0
80.0
70.0
70.0
60.0
100.0
90.0
100.0
150.0
70.0
30.0
150.0
70.0
30.0
90.0
80.0
110.0
110.0
30.0
170.0
130.0
250.0
160.0
110.0
160.0
180.0
140.0
60.0
80.0
150.0
150.0
60.0
200.0
150.0
110.0
130.0
100.0
130.0
110.0
120.0
100.0
120.0
130.0
140.0
140.0
140.0
110.0
110.0
110.0
120.0
100.0
130.0
60.0
90.0
170.0
120.0
120.0
100.0
100.0
150.0
100.0
100.0
50.0
110.0
150.0
120.0
110.0
100.0
90.0
130.0
130.0
140.0
140.0
110.0
100.0
140.0
120.0
110.0
70.0
150.0
120.0
120.0
130.0
110.0
120.0
130.0
120.0
140.0
110.0
130.0
90.0
100.0
90.0
140.0
80.0
100.0
130.0
110.0
110.0
120.0
110.0
110.0
90.0
100.0
100.0
120.0
110.0
110.0
130.0
120.0
140.0
110.0
90.0
120.0
100.0
70.0
30.0
100.0
50.0
110.0
40.0
120.0
80.0
100.0
80.0
110.0
90.0
130.0
60.0
100.0
90.0
50.0
70.0
40.0
100.0
120.0
110.0
70.0
80.0
90.0
90.0
90.0
60.0
